fecha	objective	metric	first_metric_only	boost_from_average	feature_pre_filter	verbosity	seed	max_depth	min_gain_to_split	lambda_l1	lambda_l2	max_bin	num_iterations	force_row_wise	learning_rate	feature_fraction	min_data_in_leaf	num_leaves	prob_corte	ganancia	iteracion
20220523 232704	binary	custom	TRUE	TRUE	FALSE	-100	999983	-1	0	0	0	31	53	TRUE	0.100341142124962	0.406059825718403	3753	258	0.0302074881027996	11303000	1
20220523 232718	binary	custom	TRUE	TRUE	FALSE	-100	999983	-1	0	0	0	31	67	TRUE	0.0968200623602606	0.707604061411694	2853	432	0.0314189990657421	11359000	2
20220523 232728	binary	custom	TRUE	TRUE	FALSE	-100	999983	-1	0	0	0	31	41	TRUE	0.15292412851227	0.758858417226002	3266	901	0.0351404983104051	10040000	3
20220523 232742	binary	custom	TRUE	TRUE	FALSE	-100	999983	-1	0	0	0	31	25	TRUE	0.115043185657356	0.782800068939105	1147	346	0.0199342077243879	12456000	4
20220523 232754	binary	custom	TRUE	TRUE	FALSE	-100	999983	-1	0	0	0	31	12	TRUE	0.226831328441505	0.670909680314362	737	822	0.0270043147102115	9493000	5
20220523 232821	binary	custom	TRUE	TRUE	FALSE	-100	999983	-1	0	0	0	31	149	TRUE	0.0647518029480707	0.462907319637015	4318	305	0.0227955650707978	12581000	6
20220523 232846	binary	custom	TRUE	TRUE	FALSE	-100	999983	-1	0	0	0	31	170	TRUE	0.0526739443781553	0.632670873161405	7954	109	0.024364269808575	12280000	7
20220523 232900	binary	custom	TRUE	TRUE	FALSE	-100	999983	-1	0	0	0	31	50	TRUE	0.165307679500314	0.507759612658992	5825	138	0.0367622312536696	10408000	8
20220523 232911	binary	custom	TRUE	TRUE	FALSE	-100	999983	-1	0	0	0	31	21	TRUE	0.255750488215941	0.532139164339751	2025	506	0.0124279097624822	11604000	9
20220523 232929	binary	custom	TRUE	TRUE	FALSE	-100	999983	-1	0	0	0	31	11	TRUE	0.241892309232964	0.366750638438389	200	955	0.0395484900363954	6699000	10
20220523 232948	binary	custom	TRUE	TRUE	FALSE	-100	999983	-1	0	0	0	31	72	TRUE	0.0806914720005588	0.268860469860956	1381	722	0.0157577488716925	12831000	11
20220523 232959	binary	custom	TRUE	TRUE	FALSE	-100	999983	-1	0	0	0	31	43	TRUE	0.170368295641965	0.336383097805083	6060	999	0.0499531611611019	7341000	12
20220523 233009	binary	custom	TRUE	TRUE	FALSE	-100	999983	-1	0	0	0	31	19	TRUE	0.260067642370705	0.915810152050108	1746	699	0.0405734517810439	7929000	13
20220523 233033	binary	custom	TRUE	TRUE	FALSE	-100	999983	-1	0	0	0	31	227	TRUE	0.0372566139710834	0.941375139029697	7581	652	0.0186335958438576	12882000	14
20220523 233042	binary	custom	TRUE	TRUE	FALSE	-100	999983	-1	0	0	0	31	55	TRUE	0.191013950568973	0.968218570360914	5524	835	0.0434938980722412	8850000	15
20220523 233052	binary	custom	TRUE	TRUE	FALSE	-100	999983	-1	0	0	0	31	37	TRUE	0.207221607738407	0.235909534655511	4540	34	0.0139425496405844	12873000	16
20220523 233101	binary	custom	TRUE	TRUE	FALSE	-100	999983	-1	0	0	0	31	22	TRUE	0.293665534847765	0.309649422792718	7006	400	0.0442017431361213	8490000	17
20220523 233232	binary	custom	TRUE	TRUE	FALSE	-100	999983	-1	0	0	0	31	929	TRUE	0.0112244158418616	0.859138064645231	5094	172	0.0472005517721603	7839000	18
20220523 233239	binary	custom	TRUE	TRUE	FALSE	-100	999983	-1	0	0	0	31	13	TRUE	0.278628888749285	0.828674804186448	6645	536	0.0103298449879124	11605000	19
20220523 233255	binary	custom	TRUE	TRUE	FALSE	-100	999983	-1	0	0	0	31	49	TRUE	0.126728445983143	0.561560161570087	2614	581	0.0277125455880499	11909000	20
20220523 233309	binary	custom	TRUE	TRUE	FALSE	-100	999983	-1	0	0	0	31	46	TRUE	0.102532772134574	0.603213573414116	4421	530	0.0141802980177038	13516000	21
20220523 233327	binary	custom	TRUE	TRUE	FALSE	-100	999983	-1	0	0	0	31	132	TRUE	0.110018726452562	0.2428738593416	6476	454	0.0132703711402761	12962000	22
20220523 233348	binary	custom	TRUE	TRUE	FALSE	-100	999983	-1	0	0	0	31	96	TRUE	0.0450940825371173	0.656224822763741	2974	589	0.0112417693595369	12974000	23
20220523 233358	binary	custom	TRUE	TRUE	FALSE	-100	999983	-1	0	0	0	31	38	TRUE	0.131843950922605	0.808609846620757	5650	134	0.015848604987418	12726000	24
20220523 233415	binary	custom	TRUE	TRUE	FALSE	-100	999983	-1	0	0	0	31	80	TRUE	0.100101448620737	0.587969651251757	4441	663	0.016739894289422	13552000	25
20220523 233430	binary	custom	TRUE	TRUE	FALSE	-100	999983	-1	0	0	0	31	42	TRUE	0.109629437651661	0.493100176052644	3723	556	0.0159648393902504	13384000	26
20220523 233446	binary	custom	TRUE	TRUE	FALSE	-100	999983	-1	0	0	0	31	51	TRUE	0.0867174035922163	0.588511594397341	5032	698	0.0146396711309457	13248000	27
20220523 233457	binary	custom	TRUE	TRUE	FALSE	-100	999983	-1	0	0	0	31	39	TRUE	0.105762783874811	0.987612190599823	4335	631	0.0175777346622854	12690000	28
20220523 233509	binary	custom	TRUE	TRUE	FALSE	-100	999983	-1	0	0	0	31	49	TRUE	0.115806252117183	0.200652859492001	4466	595	0.016115650059577	13319000	29
20220523 233525	binary	custom	TRUE	TRUE	FALSE	-100	999983	-1	0	0	0	31	96	TRUE	0.12903101446119	0.58661153553875	7999	593	0.0177940075356692	12868000	30
20220523 233540	binary	custom	TRUE	TRUE	FALSE	-100	999983	-1	0	0	0	31	54	TRUE	0.0885570657778102	0.318398361962286	2034	16	0.0126466636650277	13321000	31
20220523 233554	binary	custom	TRUE	TRUE	FALSE	-100	999983	-1	0	0	0	31	43	TRUE	0.111251546702186	0.37551771594064	4371	262	0.00840733436970534	11764000	32
20220523 233653	binary	custom	TRUE	TRUE	FALSE	-100	999983	-1	0	0	0	31	491	TRUE	0.0202633430394569	0.612517937273183	4540	558	0.0174342873345098	13767000	33
20220523 233731	binary	custom	TRUE	TRUE	FALSE	-100	999983	-1	0	0	0	31	288	TRUE	0.0367600378394527	0.201990951187446	112	16	0.0163439200689171	13186000	34
20220523 233748	binary	custom	TRUE	TRUE	FALSE	-100	999983	-1	0	0	0	31	95	TRUE	0.0627053998903408	0.640653129856463	5735	530	0.0183576760779165	13365000	35
20220523 233857	binary	custom	TRUE	TRUE	FALSE	-100	999983	-1	0	0	0	31	418	TRUE	0.0156075651246056	0.475579590276007	2168	16	0.01648462174654	13559000	36
20220523 234028	binary	custom	TRUE	TRUE	FALSE	-100	999983	-1	0	0	0	31	479	TRUE	0.0102790414289526	0.419088815607351	4285	646	0.0168115406325124	13548000	37
20220523 234236	binary	custom	TRUE	TRUE	FALSE	-100	999983	-1	0	0	0	31	777	TRUE	0.0103610906403571	0.609929324502325	2456	491	0.0163487014408097	13637000	38
20220523 234316	binary	custom	TRUE	TRUE	FALSE	-100	999983	-1	0	0	0	31	108	TRUE	0.014770232299429	0.648722937403907	1205	16	0.01435029273128	13584000	39
20220523 234344	binary	custom	TRUE	TRUE	FALSE	-100	999983	-1	0	0	0	31	142	TRUE	0.0272090612862357	0.632005285924256	4319	583	0.0165972494536748	13520000	40
20220523 234538	binary	custom	TRUE	TRUE	FALSE	-100	999983	-1	0	0	0	31	520	TRUE	0.010071255190041	0.552992784240058	4560	527	0.0185380436922029	13533000	41
20220523 234702	binary	custom	TRUE	TRUE	FALSE	-100	999983	-1	0	0	0	31	367	TRUE	0.0170446363891813	0.538056844584893	2426	333	0.017325674943829	13730000	42
20220523 234907	binary	custom	TRUE	TRUE	FALSE	-100	999983	-1	0	0	0	31	604	TRUE	0.0100272892092656	0.541821675804811	2394	189	0.0139094984124093	13534000	43
20220523 234952	binary	custom	TRUE	TRUE	FALSE	-100	999983	-1	0	0	0	31	190	TRUE	0.0264573436526634	0.547243398812599	2384	484	0.0174515262968437	13363000	44
20220523 235135	binary	custom	TRUE	TRUE	FALSE	-100	999983	-1	0	0	0	31	1074	TRUE	0.0102089549821117	0.653464819196433	5044	328	0.0172811068892383	13317000	45
20220523 235247	binary	custom	TRUE	TRUE	FALSE	-100	999983	-1	0	0	0	31	66	TRUE	0.0153419315943228	0.385979508971954	10	316	0.0135540970295601	5436000	46
20220523 235328	binary	custom	TRUE	TRUE	FALSE	-100	999983	-1	0	0	0	31	430	TRUE	0.0444842131831376	0.20337201715891	2357	16	0.0183257586675316	13446000	47
20220523 235352	binary	custom	TRUE	TRUE	FALSE	-100	999983	-1	0	0	0	31	123	TRUE	0.0539285293642743	0.307902692072552	5088	29	0.014677161941228	13342000	48
20220523 235423	binary	custom	TRUE	TRUE	FALSE	-100	999983	-1	0	0	0	31	170	TRUE	0.0399477079936847	0.427647882171383	7269	695	0.015552972451187	13227000	49
20220523 235441	binary	custom	TRUE	TRUE	FALSE	-100	999983	-1	0	0	0	31	56	TRUE	0.0453453224675004	0.601118666126043	3021	17	0.0181442809815981	13256000	50
20220523 235505	binary	custom	TRUE	TRUE	FALSE	-100	999983	-1	0	0	0	31	202	TRUE	0.174419877116905	0.302127870386104	3312	25	0.00834689726445365	11731000	51
20220523 235529	binary	custom	TRUE	TRUE	FALSE	-100	999983	-1	0	0	0	31	82	TRUE	0.0866458177952387	0.248544340140588	1926	65	0.0157863916761381	13155000	52
20220523 235719	binary	custom	TRUE	TRUE	FALSE	-100	999983	-1	0	0	0	31	814	TRUE	0.0106203312337579	0.314242463678624	4125	927	0.0164291465387462	13562000	53
20220523 235823	binary	custom	TRUE	TRUE	FALSE	-100	999983	-1	0	0	0	31	248	TRUE	0.0102568829250123	0.72665115106831	1859	39	0.0134095920069838	13174000	54
20220524 000023	binary	custom	TRUE	TRUE	FALSE	-100	999983	-1	0	0	0	31	905	TRUE	0.0125665882412378	0.200015021292597	2000	893	0.0140476652430189	13267000	55
20220524 000108	binary	custom	TRUE	TRUE	FALSE	-100	999983	-1	0	0	0	31	342	TRUE	0.0283105572007162	0.319407965732298	2676	16	0.0174487831292299	13433000	56
20220524 000120	binary	custom	TRUE	TRUE	FALSE	-100	999983	-1	0	0	0	31	57	TRUE	0.164983408740156	0.202102794237299	848	16	0.0175976623512391	12475000	57
20220524 000322	binary	custom	TRUE	TRUE	FALSE	-100	999983	-1	0	0	0	31	646	TRUE	0.0112309512995596	0.274275034093704	4659	662	0.0148805845433587	13486000	58
20220524 000416	binary	custom	TRUE	TRUE	FALSE	-100	999983	-1	0	0	0	31	404	TRUE	0.011043910995877	0.999590545919077	6408	20	0.0128124445565554	12844000	59
20220524 000547	binary	custom	TRUE	TRUE	FALSE	-100	999983	-1	0	0	0	31	902	TRUE	0.0106071272574566	0.92287390353182	4653	356	0.00838589225072631	11241000	60
20220524 000555	binary	custom	TRUE	TRUE	FALSE	-100	999983	-1	0	0	0	31	19	TRUE	0.232039312824026	0.999946992822779	7818	168	0.0187693794556417	12795000	61
20220524 000615	binary	custom	TRUE	TRUE	FALSE	-100	999983	-1	0	0	0	31	110	TRUE	0.083664516384646	0.336972112846193	5515	715	0.0161168639462684	13685000	62
20220524 000718	binary	custom	TRUE	TRUE	FALSE	-100	999983	-1	0	0	0	31	607	TRUE	0.0109607731393288	0.748776721981715	7551	489	0.0182733483715867	13060000	63
20220524 000832	binary	custom	TRUE	TRUE	FALSE	-100	999983	-1	0	0	0	31	476	TRUE	0.0131448284088933	0.200339799769554	1588	25	0.0125869552340831	13304000	64
20220524 000848	binary	custom	TRUE	TRUE	FALSE	-100	999983	-1	0	0	0	31	26	TRUE	0.276336815410739	0.28952170570913	5121	1021	0.0157923477078325	12912000	65
20220524 000903	binary	custom	TRUE	TRUE	FALSE	-100	999983	-1	0	0	0	31	63	TRUE	0.0778506509876524	0.200411713126023	5761	23	0.0192097619682045	13108000	66
20220524 000912	binary	custom	TRUE	TRUE	FALSE	-100	999983	-1	0	0	0	31	39	TRUE	0.210318913061565	0.999958622938072	6761	1015	0.0151544515467601	12827000	67
20220524 001044	binary	custom	TRUE	TRUE	FALSE	-100	999983	-1	0	0	0	31	510	TRUE	0.01073827220169	0.421638276271025	5573	1015	0.0166101352385	13757000	68
20220524 001229	binary	custom	TRUE	TRUE	FALSE	-100	999983	-1	0	0	0	31	634	TRUE	0.0100576586917012	0.439278102274076	5580	603	0.016256239259563	13597000	69
20220524 001359	binary	custom	TRUE	TRUE	FALSE	-100	999983	-1	0	0	0	31	548	TRUE	0.0101394938167525	0.343616672093543	6165	1023	0.0150424020234772	13536000	70
20220524 001555	binary	custom	TRUE	TRUE	FALSE	-100	999983	-1	0	0	0	31	657	TRUE	0.0135289100266807	0.477139877729494	4497	980	0.0168849802907988	13671000	71
20220524 001614	binary	custom	TRUE	TRUE	FALSE	-100	999983	-1	0	0	0	31	73	TRUE	0.0750119467430653	0.324989381427498	4826	882	0.0142219760714822	13026000	72
20220524 001847	binary	custom	TRUE	TRUE	FALSE	-100	999983	-1	0	0	0	31	1291	TRUE	0.0103635340198616	0.299674522452914	5975	762	0.0184169743673914	13417000	73
20220524 002010	binary	custom	TRUE	TRUE	FALSE	-100	999983	-1	0	0	0	31	473	TRUE	0.0128230359221695	0.366816207973016	6051	543	0.0170427291924003	13798000	74
20220524 002020	binary	custom	TRUE	TRUE	FALSE	-100	999983	-1	0	0	0	31	30	TRUE	0.281759861504215	0.351697309477174	6540	255	0.0163678498752767	12569000	75
20220524 002212	binary	custom	TRUE	TRUE	FALSE	-100	999983	-1	0	0	0	31	875	TRUE	0.0102134725091786	0.234147262915209	3636	1018	0.0191218326828348	13176000	76
20220524 002255	binary	custom	TRUE	TRUE	FALSE	-100	999983	-1	0	0	0	31	220	TRUE	0.0238177257341217	0.38181006478523	5869	973	0.0175678691142748	13426000	77
20220524 002313	binary	custom	TRUE	TRUE	FALSE	-100	999983	-1	0	0	0	31	124	TRUE	0.0579663227899163	0.999849948439705	6296	354	0.0213006207647393	12798000	78
20220524 002443	binary	custom	TRUE	TRUE	FALSE	-100	999983	-1	0	0	0	31	406	TRUE	0.0122521516123324	0.509613658603211	2646	81	0.0169837145501078	13866000	79
20220524 002453	binary	custom	TRUE	TRUE	FALSE	-100	999983	-1	0	0	0	31	25	TRUE	0.076206075099009	0.999913193704228	555	19	0.0146614767315357	13079000	80
20220524 002603	binary	custom	TRUE	TRUE	FALSE	-100	999983	-1	0	0	0	31	128	TRUE	0.0106089455014094	0.999665598958885	1081	1024	0.0134513034954378	12892000	81
20220524 002706	binary	custom	TRUE	TRUE	FALSE	-100	999983	-1	0	0	0	31	269	TRUE	0.010161386683392	0.850955807511438	15	62	0.0123470428560723	12876000	82
20220524 002720	binary	custom	TRUE	TRUE	FALSE	-100	999983	-1	0	0	0	31	1	TRUE	0.194604296817862	0.999201088226472	4	549	0.00842474131521704	1188000	83
20220524 002834	binary	custom	TRUE	TRUE	FALSE	-100	999983	-1	0	0	0	31	386	TRUE	0.01007266665567	0.893370209333049	2523	1020	0.0175040695899194	13461000	84
20220524 002922	binary	custom	TRUE	TRUE	FALSE	-100	999983	-1	0	0	0	31	444	TRUE	0.0101245848112417	0.86078383754043	48	16	0.0227918964082478	12114000	85
20220524 003036	binary	custom	TRUE	TRUE	FALSE	-100	999983	-1	0	0	0	31	354	TRUE	0.0139632711743457	0.610996621958694	2491	745	0.0168717737958967	13786000	86
20220524 003052	binary	custom	TRUE	TRUE	FALSE	-100	999983	-1	0	0	0	31	35	TRUE	0.11265772398654	0.368894620621522	1644	1024	0.0169089601907315	12432000	87
20220524 003104	binary	custom	TRUE	TRUE	FALSE	-100	999983	-1	0	0	0	31	27	TRUE	0.147370370322248	0.659995990986537	2720	320	0.0174266839740164	12422000	88
20220524 003113	binary	custom	TRUE	TRUE	FALSE	-100	999983	-1	0	0	0	31	11	TRUE	0.299929360921831	0.200905383946802	2282	744	0.0172158104015509	11286000	89
20220524 003152	binary	custom	TRUE	TRUE	FALSE	-100	999983	-1	0	0	0	31	195	TRUE	0.0283854720431958	0.545479937080026	3554	16	0.0120837464031099	13193000	90
20220524 003202	binary	custom	TRUE	TRUE	FALSE	-100	999983	-1	0	0	0	31	19	TRUE	0.299108612361946	0.609162086517853	6152	1024	0.016219282760729	12443000	91
20220524 003220	binary	custom	TRUE	TRUE	FALSE	-100	999983	-1	0	0	0	31	104	TRUE	0.0541943946181185	0.999907462747973	5615	1024	0.016641343775116	12826000	92
20220524 003312	binary	custom	TRUE	TRUE	FALSE	-100	999983	-1	0	0	0	31	315	TRUE	0.017210212315507	0.867928093423247	831	38	0.015398553259734	13043000	93
20220524 003330	binary	custom	TRUE	TRUE	FALSE	-100	999983	-1	0	0	0	31	107	TRUE	0.112264646244625	0.808498302072738	7315	985	0.0174412178029996	12947000	94
20220524 003435	binary	custom	TRUE	TRUE	FALSE	-100	999983	-1	0	0	0	31	399	TRUE	0.0138856355153027	0.904886610449099	2434	971	0.0144494764096584	13190000	95
20220524 003455	binary	custom	TRUE	TRUE	FALSE	-100	999983	-1	0	0	0	31	84	TRUE	0.0980260630596901	0.533120759789355	2076	18	0.0163571445222765	13047000	96
20220524 003625	binary	custom	TRUE	TRUE	FALSE	-100	999983	-1	0	0	0	31	405	TRUE	0.0100772433794572	0.800287403670467	1440	983	0.0227698235745586	12573000	97
20220524 003633	binary	custom	TRUE	TRUE	FALSE	-100	999983	-1	0	0	0	31	21	TRUE	0.249902104097238	0.99829521293749	7953	1024	0.0293152579209786	11645000	98
20220524 003652	binary	custom	TRUE	TRUE	FALSE	-100	999983	-1	0	0	0	31	74	TRUE	0.0848907720390856	0.43471826339792	7028	16	0.0160609846197246	13401000	99
20220524 003703	binary	custom	TRUE	TRUE	FALSE	-100	999983	-1	0	0	0	31	24	TRUE	0.233789085364783	0.405297053329138	5365	559	0.0166452301622086	12481000	100
20220524 003718	binary	custom	TRUE	TRUE	FALSE	-100	999983	-1	0	0	0	31	35	TRUE	0.0459923176994521	0.973681709366772	1441	24	0.0122950476766474	12803000	101
20220524 003728	binary	custom	TRUE	TRUE	FALSE	-100	999983	-1	0	0	0	31	24	TRUE	0.299816263577459	0.360110397916415	7999	16	0.0117237578151117	11922000	102
20220524 003752	binary	custom	TRUE	TRUE	FALSE	-100	999983	-1	0	0	0	31	112	TRUE	0.0818634664263948	0.200168671522592	6865	683	0.0282752785163266	12214000	103
20220524 003930	binary	custom	TRUE	TRUE	FALSE	-100	999983	-1	0	0	0	31	450	TRUE	0.0101018358760491	0.447566459379539	3200	1024	0.0152908191390111	13676000	104
20220524 004008	binary	custom	TRUE	TRUE	FALSE	-100	999983	-1	0	0	0	31	135	TRUE	0.0410936103083418	0.525866786926178	6470	138	0.0171684177459881	13739000	105
20220524 004026	binary	custom	TRUE	TRUE	FALSE	-100	999983	-1	0	0	0	31	87	TRUE	0.0903642989485108	0.595118205758295	6686	547	0.016774514638638	12990000	106
20220524 004045	binary	custom	TRUE	TRUE	FALSE	-100	999983	-1	0	0	0	31	119	TRUE	0.0707790661597859	0.224363695079014	7992	1024	0.0165010574029611	13274000	107
20220524 004157	binary	custom	TRUE	TRUE	FALSE	-100	999983	-1	0	0	0	31	716	TRUE	0.0204443886062703	0.200704252176409	7984	180	0.016677427251627	13344000	108
20220524 004207	binary	custom	TRUE	TRUE	FALSE	-100	999983	-1	0	0	0	31	56	TRUE	0.19141281036057	0.970050555756844	7997	1024	0.0110324464837392	12120000	109
20220524 004334	binary	custom	TRUE	TRUE	FALSE	-100	999983	-1	0	0	0	31	527	TRUE	0.0103054124985644	0.657127950295881	2460	241	0.0202855002831954	13231000	110
20220524 004514	binary	custom	TRUE	TRUE	FALSE	-100	999983	-1	0	0	0	31	662	TRUE	0.0101021395562289	0.349091375883251	6188	98	0.0159692696805216	13604000	111
20220524 004524	binary	custom	TRUE	TRUE	FALSE	-100	999983	-1	0	0	0	31	44	TRUE	0.279107384281643	0.200480171365341	7464	1024	0.0160983162514968	12682000	112
20220524 004621	binary	custom	TRUE	TRUE	FALSE	-100	999983	-1	0	0	0	31	314	TRUE	0.0191188490309141	0.236473087410995	7983	531	0.017165504366048	13377000	113
20220524 004638	binary	custom	TRUE	TRUE	FALSE	-100	999983	-1	0	0	0	31	70	TRUE	0.0872478716089033	0.201726219889443	2819	172	0.0119103542870942	12759000	114
20220524 004654	binary	custom	TRUE	TRUE	FALSE	-100	999983	-1	0	0	0	31	96	TRUE	0.0565011695398557	0.999574378571589	7998	227	0.0151678534521646	13018000	115
20220524 004715	binary	custom	TRUE	TRUE	FALSE	-100	999983	-1	0	0	0	31	98	TRUE	0.0577458599211845	0.337918777548468	7423	289	0.0174728052578351	13239000	116
20220524 004729	binary	custom	TRUE	TRUE	FALSE	-100	999983	-1	0	0	0	31	69	TRUE	0.110049114304354	0.200579061854008	1	16	0.0497901920523306	5034000	117
20220524 004838	binary	custom	TRUE	TRUE	FALSE	-100	999983	-1	0	0	0	31	502	TRUE	0.0105426989758433	0.998939033461546	7618	16	0.0176964271981513	12881000	118
20220524 004900	binary	custom	TRUE	TRUE	FALSE	-100	999983	-1	0	0	0	31	94	TRUE	0.0753426563031739	0.488815275853602	6095	77	0.0143848720020419	13747000	119
20220524 004920	binary	custom	TRUE	TRUE	FALSE	-100	999983	-1	0	0	0	31	71	TRUE	0.0738431612321194	0.406040520021612	6163	151	0.0169036293461466	13613000	120
