Feature	Gain	Cover	Frequency
ctrx_quarter_normalizado	0.0916265896116587	0.0165271036693051	0.015770187148279
mpasivos_margen	0.0709543760289453	0.0145544083396825	0.0175696898311739
mcaja_ahorro	0.0585252758560866	0.0131472168538284	0.0183876455961262
mv_tarjeta_consumo	0.047420086002076	0.00876929064977689	0.00925925925925926
mpayroll_vs_cpayroll	0.0407269899603935	0.019237007867907	0.00981546917942678
cpayroll_trx	0.0400297490534747	0.0102684956460587	0.00301007721502421
mcuentas_saldo	0.0329796298434342	0.0280478840934484	0.0262727391702657
mpayroll_sobre_edad	0.0250273097685369	0.0188510021575943	0.00896479518387646
mprestamos_personales	0.0248959278510009	0.0228800597341489	0.00814683941892423
mpayroll	0.0237557885652353	0.0132704800995921	0.0076233477293548
mactivos_margen	0.0212546549318969	0.0254001670639979	0.0190420102080879
mrentabilidad_annual	0.0159580958823868	0.0143153925451238	0.0199908388954325
mrentabilidad_vs_anual	0.0133804762182829	0.0132374080900361	0.0187475461327051
mv_consumo_vs_trx	0.0129106261496852	0.0124374111549199	0.0138725297735898
Master_fechaalta	0.0128429782958992	0.0192669568622558	0.0202853029708153
Visa_msaldototal	0.0126183622495267	0.00586461543344828	0.00785237534354142
cliente_edad	0.0126072120514319	0.0192735667290954	0.0233935348776338
mv_msaldopesos	0.0122985782899585	0.00521249069164961	0.0072961654233739
mcuenta_corriente	0.0118623901797984	0.0111475213570874	0.0147232037691402
mv_mpagominimo	0.0115382409139044	0.00383986057408892	0.00664180081141212
pasivos_vs_ctrx_quarter	0.0110237998260352	0.0111205418039307	0.0168171705274179
visa_consumo_vs_trx	0.010236755711225	0.00853675176200441	0.0110914801727523
mvr_msaldototal	0.0100575463950172	0.00537427215566734	0.00726344719277581
mtarjeta_visa_consumo	0.009739344151802	0.00666781990101491	0.00814683941892423
chomebanking_trx	0.00924012068631619	0.0143461135323406	0.0165554246826332
mautoservicio	0.00875985375872987	0.0108690349792411	0.0120075906294988
mv_fechaalta	0.0087525310576939	0.0150591051190397	0.0162609606072504
cprestamos_personales	0.00848602972293497	0.00878884917669852	0.00359900536578982
pasivos_vs_activos	0.00831717903792953	0.00966754712573517	0.0163591152990446
mvr_mpagominimo	0.00822221309684352	0.00786322045161197	0.00971731448763251
ctarjeta_visa_trx	0.0081485781903868	0.00643281455271738	0.00857217641669939
Visa_msaldopesos	0.00783957139044567	0.0098515360107612	0.0101753697160058
mvr_msaldopesos	0.00780179261375784	0.00715182953904387	0.00876848580028792
mv_consumo_vs_ctrx_quarter	0.00779194406381691	0.00718147860024896	0.0108297343279675
mv_Fvencimiento	0.00778918137570259	0.0100102439330799	0.0157047506870828
mrentabilidad	0.00770995938592638	0.0116688917394173	0.0125638005496663
numero_de_cliente	0.00747309021374339	0.00860091477939087	0.0145268943855516
Master_Fvencimiento	0.00720647018965146	0.01507439449448	0.0169807616804083
mcomisiones_otras	0.00688813419439015	0.00972776360014193	0.0125965187802644
cproductos	0.00676081532470919	0.00834666423639052	0.00772150242114906
cliente_antiguedad	0.0066317347312031	0.00920532129180026	0.0144614579243555
mv_msaldototal	0.00655267623246276	0.00326199659884679	0.00510404397330192
Visa_fechaalta	0.00643111840174505	0.00650972421336058	0.0124002093966758
mcomisiones	0.00629160446652069	0.00851528025943108	0.0115495354011255
visa_consumo_vs_ctrx_quarter	0.00627422974331113	0.00646726460561729	0.00873576756968983
mcomisiones_mantenimiento	0.00609572378575444	0.00913186756184678	0.00759062949875671
thomebanking	0.00604987142780559	0.00660634391354438	0.00539850804868473
mcaja_ahorro_dolares	0.00586003229404395	0.0172988110339945	0.0137743750817956
ccomisiones_otras	0.0056864859533807	0.0129613129317545	0.00991362387122104
var_porcentual_egreso_ingreso	0.0056524673928877	0.00762826045403032	0.0132181651616281
mtransferencias_recibidas	0.00538161986430203	0.00526895645571342	0.00870304933909174
transf_emitidas_vs_ctrx_quarter	0.00503060852404516	0.00662906771429486	0.0101753697160058
mv_tarjeta_ctrx	0.00485504157518011	0.00532096651194195	0.00850673995550321
mvr_msaldopesos2	0.00479271743997272	0.0071313310154658	0.0119094359377045
ctarjeta_debito_trx	0.0046833583732917	0.00556033377454873	0.00939013218165162
Visa_mconsumospesos	0.00462108291166457	0.00700245871070613	0.0101426514854077
Master_mfinanciacion_limite	0.00460944418428467	0.00633363872127485	0.0111569166339484
Visa_Fvencimiento	0.0043557081944905	0.00653571635774874	0.0110587619421542
mvr_mpagospesos	0.0043526987927439	0.00541215752529521	0.00939013218165162
Visa_mfinanciacion_limite	0.00430749696609755	0.00928386770100752	0.0106007067137809
Visa_mpagospesos	0.00423057042969417	0.00566224198662307	0.00997906033241722
ccallcenter_trx	0.00390980169116969	0.00916895310975821	0.00314095013741657
ccaja_ahorro	0.00351891421755624	0.0199029553017665	0.00533307158748855
Visa_mlimitecompra	0.00346554127718062	0.0097108766426649	0.00870304933909174
Master_mlimitecompra	0.00344442542357516	0.00475702314507901	0.00834314880251276
mvr_mconsumospesos	0.00337880844171524	0.00516455086217138	0.00742703834576626
ctransferencias_recibidas	0.00329629738630449	0.0109931516430219	0.0060855908912446
mvr_Visa_mlimitecompra	0.00321037926700842	0.00736476661057501	0.00739432011516817
Visa_mpagominimo	0.00318872009758574	0.00711151069122977	0.00988090564062295
ccomisiones_mantenimiento	0.00316490431526431	0.00185657688300628	0.00353356890459364
mtransferencias_emitidas	0.00312940086705456	0.00890528198623174	0.00798324826593378
tcallcenter	0.00306762769463982	0.00568455247744019	0.00219212145007198
mextraccion_autoservicio	0.00299435000815306	0.00516963220374619	0.00713257427038346
mvr_Master_mlimitecompra	0.00290605669714597	0.00953883973266961	0.00768878419055098
mv_mlimitecompra	0.00277277434401111	0.0046612867531568	0.0067072372726083
Visa_cconsumos	0.00275599562736856	0.00269634536525171	0.00605287266064651
ccuenta_debitos_automaticos	0.00275375019230485	0.00938267557323256	0.00477686166732103
mvr_mconsumototal	0.00271060522853297	0.00331936010094542	0.00566025389346944
mcuenta_debitos_automaticos	0.00267774881600795	0.00696744589665007	0.00621646381363696
mv_mpagospesos	0.00263819165721249	0.00276492183185184	0.00500588928150766
mpagomiscuentas	0.00259531220068081	0.00799825633093907	0.00696898311739301
Visa_mconsumototal	0.0025490758965216	0.00436326143165261	0.00687082842559874
mv_mfinanciacion_limite	0.0025438613201448	0.00445579132182244	0.00644549142782358
mv_cconsumos	0.00251117807615523	0.00278884742657316	0.00510404397330192
mtarjeta_visa_debitos_automaticos	0.00248398470656426	0.00488065538075829	0.00657636435021594
mv_status01	0.00246912113048009	0.0070483783719315	0.00160319329930637
mdescubierto_preacordado	0.00237584567465404	0.0107942794776023	0.00287920429263185
mplazo_fijo_dolares	0.00236236788899345	0.0141194918822925	0.00301007721502421
ccajas_consultas	0.00232962510976517	0.0139970944229228	0.00287920429263185
ctarjeta_visa_debitos_automaticos	0.00225787437373119	0.00471705576531298	0.00444967936134014
ctransferencias_emitidas	0.00224115618165388	0.00887566899945974	0.00510404397330192
Master_mpagospesos	0.00216803666544519	0.00835543959991343	0.00569297212406753
Master_status	0.00214148301669211	0.0114423700670837	0.00281376783143568
Visa_mpagado	0.00197085502674815	0.00828255996879508	0.00572569035466562
mvr_mpagado	0.00191179941321919	0.00736884817500427	0.00510404397330192
mv_mconsumospesos	0.00182884216338689	0.00309635723188494	0.00503860751210575
Master_mpagominimo	0.00177131963927152	0.00385127761681188	0.00372987828818218
cmobile_app_trx	0.00146870727771155	0.00172824981753526	0.00258474021724905
ctarjeta_debito	0.00134421899027525	0.00251283060134626	0.00314095013741657
mv_mconsumototal	0.00131601917462325	0.00266890921284199	0.00340269598220128
ctarjeta_master	0.0012637034426604	0.000577652682134049	0.000752519303756053
ccaja_seguridad	0.00125456848616015	0.00982075627375336	0.00242114906425861
mv_mpagado	0.00114665790333528	0.00395460510015367	0.00382803297997644
mvr_msaldodolares2	0.00112876888408351	0.000975308372937658	0.00186493914409109
cpagomiscuentas	0.00109977966199635	0.00241794247395063	0.00359900536578982
Master_msaldopesos	0.00100045924341447	0.00207749877262668	0.0030427954456223
cseguro_accidentes_personales	0.000963585018757129	0.00668090976673502	0.00245386729485669
Master_msaldototal	0.000924256861987223	0.00186923488622743	0.00271561313964141
Master_mconsumospesos	0.000863227608163036	0.00265328795261727	0.00294464075382803
Visa_mconsumosdolares	0.000846077754352003	0.00124355991876809	0.00248658552545478
mv_status07	0.000804790079430992	0.000829967574124768	0.000752519303756053
mv_status04	0.000760670828078286	0.00047269051162438	0.000523491689569428
cextraccion_autoservicio	0.000756338083980292	0.00192326408001073	0.0033372595210051
Visa_mpagosdolares	0.000749503660251469	0.00219402846778019	0.0021266849888758
ccajas_trx	0.000714783916239806	0.00258158537871564	0.00088339222614841
mv_fultimo_cierre	0.000681480124042009	0.000985700901760953	0.00173406622169873
mv_status02	0.000646982729924369	0.00247672627801479	0.000719801073157964
Master_mconsumototal	0.000615865878795182	0.00209373020611961	0.00225755791126816
Visa_fultimo_cierre	0.000614602144350442	0.0010649646768376	0.00170134799110064
mvr_mconsumosdolares	0.000516791381406902	0.00109886330626032	0.00124329276272739
Master_fultimo_cierre	0.000458936004914504	0.000682034569620062	0.00124329276272739
mvr_mpagosdolares	0.00043340204679968	0.00319523106878763	0.001832220913493
cplazo_fijo	0.000402808207701125	0.00238392016075732	0.000687082842559874
mv_mconsumosdolares	0.000398885948739346	0.00123485361201708	0.00111241984033503
Master_cconsumos	0.000373023815813381	0.00125775160074448	0.00134144745452166
mtarjeta_master_consumo	0.00035198891673665	0.00111645938402203	0.00147232037691402
matm	0.000348721362536756	0.00143016059274961	0.00225755791126816
Visa_Finiciomora	0.000346677746560705	0.00501998308692463	0.00101426514854077
mv_Finiciomora	0.000293285096802997	0.0030836806760982	0.000654364611961785
Visa_delinquency	0.000271370348663517	0.000756562286981439	0.000327182305980893
catm_trx	0.000258939900913453	0.00120836776324468	0.00160319329930637
ccajas_extracciones	0.000238799728197107	0.00276735221794381	0.000654364611961785
Visa_msaldodolares	0.00023506384012163	0.000477754331331693	0.000588928150765607
Master_mpagado	0.000232501588086907	0.00322598709973944	0.000719801073157964
mv_status06	0.000205884545501492	0.000139162794472235	0.000229027614186625
ctarjeta_master_trx	0.000197253848780634	0.000266274666897265	0.000556209920167517
mv_status03	0.000188690340686373	0.000167371970448109	0.000261745844784714
Master_mconsumosdolares	0.000174377626945002	0.000296111315154403	0.000719801073157964
Visa_status	0.000170737681433285	0.00164280906881605	0.000327182305980893
catm_trx_other	0.000149877218038215	0.00113605913886719	0.000719801073157964
mv_status05	0.000131068684124562	0.000113607666073469	0.000229027614186625
matm_other	0.000123655351708348	0.00124116663780729	0.000687082842559874
mtarjeta_visa_descuentos	0.000123247048155382	0.00164751420558867	0.00101426514854077
Master_mpagosdolares	9.27282541621362e-05	0.000157655579570672	0.000490773458971339
mttarjeta_master_debitos_automaticos	8.59433088618414e-05	0.000127347902287228	0.000163591152990446
ctarjeta_visa	8.18835046687911e-05	0.000115361914219581	6.54364611961785e-05
mvr_msaldodolares	6.42414123538302e-05	0.000701382834131704	0.00045805522837325
Master_madelantopesos	6.12476337719882e-05	0.000136083068584701	0.000359900536578982
mv_mpagosdolares	6.12346908705617e-05	0.00062652735477828	0.000490773458971339
Visa_madelantopesos	4.40715604416225e-05	8.44450943660118e-05	0.000163591152990446
mv_msaldodolares	4.23220277661632e-05	0.000202578555744755	0.000229027614186625
Master_cadelantosefectivo	2.87910790708808e-05	0.000100962031229375	0.000229027614186625
ctarjeta_visa_descuentos	2.86006525113314e-05	0.000568695915747613	0.00042533699777516
ctarjeta_master_debitos_automaticos	2.66300163654803e-05	0.000171375201822668	0.000196309383588536
internet	2.12880857559347e-05	0.000126708869472546	6.54364611961785e-05
Master_madelantodolares	1.56814651703733e-05	6.72283135007627e-05	0.000163591152990446
Visa_madelantodolares	1.28273387959625e-05	2.79710847175007e-05	6.54364611961785e-05
Visa_cadelantosefectivo	1.27145574473817e-05	1.32125187926023e-05	3.27182305980893e-05
mforex_sell	1.15007841319646e-05	0.000116973926029521	0.000130872922392357
Master_msaldodolares	1.03637249142059e-05	4.81212323417596e-05	9.81546917942678e-05
cseguro_vivienda	5.50225770153922e-06	1.42823834081512e-05	3.27182305980893e-05
cforex	8.20103806069361e-07	2.92563652334828e-05	3.27182305980893e-05
