fecha	objective	metric	first_metric_only	boost_from_average	feature_pre_filter	verbosity	max_bin	num_iterations	force_row_wise	seed	learning_rate	feature_fraction	min_data_in_leaf	num_leaves	prob_corte	lambda_l1	lambda_l2	max_depth	min_gain_to_split	bagging_fraction	bagging_freq	scale_pos_weight	ganancia	iteracion
20220530 230104	binary	custom	TRUE	TRUE	FALSE	-100	31	615	TRUE	240007	0.250461019993915	0.742009363013009	5097	585	0.0245933924425319	43.5073690702363	53.971420195982	8	0.363050445647483	0.540853569060952	15	243.468574476467	7754000	1
20220530 230153	binary	custom	TRUE	TRUE	FALSE	-100	31	765	TRUE	240007	0.184777284827675	0.556667568748041	3228	817	0.0236797015112744	84.6762997243786	65.7834032186656	18	0.442656809852148	0.410320711618018	13	189.111873616171	6141000	2
20220530 230252	binary	custom	TRUE	TRUE	FALSE	-100	31	1008	TRUE	240007	0.103080599929575	0.299399710497043	1564	537	0.0347720267520749	38.5559952167872	63.6973580694757	10	0.639913951041914	0.305603351497363	8	288.397233546914	4402000	3
20220530 230331	binary	custom	TRUE	TRUE	FALSE	-100	31	863	TRUE	240007	0.242426800790029	0.875556054932531	5956	507	0.0377374699012257	44.2219310808772	23.1775762421118	22	0.59213668834127	0.488756652334511	18	76.5857304865868	7558000	4
20220530 230335	binary	custom	TRUE	TRUE	FALSE	-100	31	1	TRUE	240007	0.18600675157509	0.344944041311586	6855	666	0.0150525968847635	61.1421750644998	78.2770216304925	17	0.861436355645613	0.0899533143092413	21	269.413965624865	0	5
20220530 230441	binary	custom	TRUE	TRUE	FALSE	-100	31	797	TRUE	240007	0.143145752910884	0.254238488397095	2910	287	0.0326825326344988	73.3922315528616	32.7889528727004	24	0.740680704378368	0.867014467027426	13	223.342080212866	7903000	6
20220530 230533	binary	custom	TRUE	TRUE	FALSE	-100	31	1114	TRUE	240007	0.117420419782138	0.690361664700322	2530	322	0.0298290841746267	30.0550578545275	22.8297415723015	14	0.112498968912405	0.344450841206708	9	216.321564339643	7150000	7
20220530 230554	binary	custom	TRUE	TRUE	FALSE	-100	31	123	TRUE	240007	0.207673623880304	0.245640857207278	279	259	0.0450349345067985	20.5542708994471	49.9658082888345	21	0.194144543284589	0.743017380208281	19	164.060971756547	7437000	8
20220530 230650	binary	custom	TRUE	TRUE	FALSE	-100	31	825	TRUE	240007	0.131472810997754	0.764603195203623	2162	243	0.0130389795943807	67.8081245074281	39.6571094873555	6	0.983981768702506	0.852980205158625	14	158.963698235522	6858000	9
20220530 230726	binary	custom	TRUE	TRUE	FALSE	-100	31	943	TRUE	240007	0.227063678515406	0.669590594584588	5767	155	0.0214471981992069	26.5299503914624	58.8090461775816	12	0.645898551651044	0.374717081183917	23	253.091278925529	4697000	10
20220530 230800	binary	custom	TRUE	TRUE	FALSE	-100	31	481	TRUE	240007	0.216925729943274	0.418990682100412	4940	814	0.0356302966068648	14.8078895620226	18.0757426074706	20	0.923062217999056	0.476059177541174	8	106.447271065374	8129000	11
20220530 230847	binary	custom	TRUE	TRUE	FALSE	-100	31	602	TRUE	240007	0.123207668243025	0.324449839353717	1435	756	0.0192184123891315	0.876474454222868	37.697307941562	18	0.314734829589725	0.503270809431948	20	264.275554716015	8845000	12
20220530 230955	binary	custom	TRUE	TRUE	FALSE	-100	31	377	TRUE	240007	0.0515312188517904	0.529839054871506	9	902	0.0290119782074827	17.4447927958681	96.2868652495672	26	0.755171215894128	0.950099210254848	16	148.035814887355	5913000	13
20220530 231006	binary	custom	TRUE	TRUE	FALSE	-100	31	1	TRUE	240007	0.0612710715895325	0.489841488058058	6638	487	0.0484200853137332	35.0741648241334	68.9292164369059	27	0.412246553469837	0.597562578628034	14	206.01098729437	-23548000	14
20220530 231009	binary	custom	TRUE	TRUE	FALSE	-100	31	1	TRUE	240007	0.154346213120783	0.779809335720105	6386	201	0.032535329143098	35.8386069579865	85.614419489381	13	0.687944396665747	0.00203221891327606	26	35.9484236571139	0	15
20220530 231036	binary	custom	TRUE	TRUE	FALSE	-100	31	290	TRUE	240007	0.290251268317709	0.821798772814994	2407	560	0.0340025399064163	2.53295951940042	80.7227450534507	16	0.477739222396243	0.551294033716355	2	46.9134072748774	8151000	16
20220530 231050	binary	custom	TRUE	TRUE	FALSE	-100	31	5	TRUE	240007	0.0362610388624307	0.594002035442585	492	342	0.0223270106684746	90.8988904217646	27.6497267118733	5	0.156319066348563	0.678203849097675	21	8.17360081125138	12301000	17
20220530 231108	binary	custom	TRUE	TRUE	FALSE	-100	31	384	TRUE	240007	0.239341490650744	0.274167553471246	7981	716	0.0273315147950699	63.0645568400117	57.1673888601557	21	0.143351601043832	0.323239537819366	24	247.49874144001	-13638000	18
20220530 231117	binary	custom	TRUE	TRUE	FALSE	-100	31	5	TRUE	240007	0.0563429515321332	0.315654904892047	588	786	0.0457900357959362	47.6058976593777	36.1139933486508	3	0.497712600340795	0.426510334034295	24	53.6972311726056	515000	19
20220530 231124	binary	custom	TRUE	TRUE	FALSE	-100	31	144	TRUE	240007	0.264513556677654	0.641761183505878	5440	415	0.0125157303077382	12.9316188123388	9.64564633080348	12	0.251979412249057	0.161896390563925	18	84.3712773615141	-15960000	20
20220530 231128	binary	custom	TRUE	TRUE	FALSE	-100	31	1	TRUE	240007	0.129170452938949	0.513324050225007	5190	381	0.0176935437184713	87.6036726224508	13.0440411507152	28	0.419768383416037	0.0282301902188919	7	94.1854171706661	0	21
20220530 231151	binary	custom	TRUE	TRUE	FALSE	-100	31	725	TRUE	240007	0.197254054710987	0.662492005488214	4178	569	0.0395085348283222	95.995720824673	60.6313134276813	3	0.577362268197855	0.263270383278723	29	119.181104588925	-1741000	22
20220530 231257	binary	custom	TRUE	TRUE	FALSE	-100	31	1087	TRUE	240007	0.106870075004651	0.633114018993608	669	686	0.0362628626582995	92.6236552040791	43.20065658297	25	0.793069745380005	0.715521330028423	1	66.920155024324	5724000	23
20220530 231337	binary	custom	TRUE	TRUE	FALSE	-100	31	505	TRUE	240007	0.23160006736832	0.967205001126664	3972	743	0.040033511035209	51.8535542005945	55.4250884563468	11	0.83928192401072	0.960748012061231	16	125.135228459921	9374000	24
20220530 231438	binary	custom	TRUE	TRUE	FALSE	-100	31	660	TRUE	240007	0.159406767961627	0.364178579673171	1168	128	0.026182713488015	52.9099822282054	84.8427985984017	14	0.310163675128327	0.640478108912551	3	115.940391438983	7348000	25
20220530 231538	binary	custom	TRUE	TRUE	FALSE	-100	31	848	TRUE	240007	0.0671652842111265	0.899806992166365	3594	469	0.0304258164680909	64.7951748391885	4.77438007995564	30	0.681999780824602	0.788583807802449	27	230.386813353216	5437000	26
20220530 231608	binary	custom	TRUE	TRUE	FALSE	-100	31	1	TRUE	240007	0.0160127745847664	0.472677464150668	3760	447	0.0212745318552657	12.1585416495994	51.7264236443831	12	0.826853473103256	0.7051589408026	29	151.444753888101	-5427000	27
20220530 231707	binary	custom	TRUE	TRUE	FALSE	-100	31	1015	TRUE	240007	0.277955195800023	0.534120124822948	7663	373	0.0429926883992771	78.3466236433014	91.6531342212693	9	0.277534383150244	0.438427470634148	7	59.4331244035293	3240000	28
20220530 231730	binary	custom	TRUE	TRUE	FALSE	-100	31	271	TRUE	240007	0.286675085092478	0.928253153249777	2754	976	0.0379887208418141	29.0652900526766	2.03455121809384	10	0.334221215433596	0.202086778726274	4	73.4046378695756	3497000	29
20220530 231736	binary	custom	TRUE	TRUE	FALSE	-100	31	90	TRUE	240007	0.179053481415613	0.994543623982463	2255	56	0.0470470388741685	72.3871695857573	82.7188271190001	22	0.621378663485909	0.0655251079636704	30	198.469011932782	-29697000	30
20220530 231740	binary	custom	TRUE	TRUE	FALSE	-100	31	1	TRUE	240007	0.0995607185553914	0.390031366768138	5540	984	0.0312085926852079	79.6775051004564	74.3180062500566	29	0.905054365391455	0.0582781168389677	12	275.076650031484	0	31
20220530 231910	binary	custom	TRUE	TRUE	FALSE	-100	31	1177	TRUE	240007	0.137267005312557	0.448113200941589	4343	79	0.0250074440018782	40.0479871561402	75.5404464347521	27	0.213346969651563	0.654546531707941	28	281.553325677942	6872000	32
20220530 231955	binary	custom	TRUE	TRUE	FALSE	-100	31	531	TRUE	240007	0.262939322232802	0.611266412741194	4745	427	0.00834172607828805	22.1183565668374	8.01875088363886	20	0.00596992225230982	0.581704173285592	2	299.381412401482	4011000	33
20220530 232055	binary	custom	TRUE	TRUE	FALSE	-100	31	598	TRUE	240007	0.199341210786418	0.379110257071443	7823	956	0.0420642661626415	54.75649759998	11.5463175020219	23	0.379683760251889	0.922635621672574	10	140.064920436681	7764000	34
20220530 232105	binary	custom	TRUE	TRUE	FALSE	-100	31	297	TRUE	240007	0.275146081183969	0.723381197984175	7181	110	0.0142415657730857	85.6420450722605	33.7887171287245	6	0.0460306718644764	0.17839347148644	27	179.540231269113	-22671000	35
20220530 232441	binary	custom	TRUE	TRUE	FALSE	-100	31	3718	TRUE	240007	0.0843700831178285	0.207104878003399	6811	22	0.00923951918868827	95.3759034120594	25.5513800118933	4	0.725338227338701	0.61065595439868	5	234.164559202741	-11453000	36
20220530 232456	binary	custom	TRUE	TRUE	FALSE	-100	31	1	TRUE	240007	0.0202204534435684	0.805040215037298	6103	703	0.0434898908640106	8.45280413098711	93.1170295691118	3	0.772417231084546	0.825250832208743	11	170.150653882868	-7132000	37
20220530 232506	binary	custom	TRUE	TRUE	FALSE	-100	31	1	TRUE	240007	0.0402482841421928	0.453326698835008	902	632	0.0186790543987121	59.2648309083112	29.9861204238065	8	0.96351828322319	0.219116633806455	10	42.0355646788266	-2209000	38
20220530 232622	binary	custom	TRUE	TRUE	FALSE	-100	31	1740	TRUE	240007	0.167173301623164	0.942254194547422	4624	874	0.0107076256082413	82.843736167221	71.3270437079094	7	0.168100360616033	0.392359005195128	4	134.193155493709	1584000	39
20220530 232626	binary	custom	TRUE	TRUE	FALSE	-100	31	25	TRUE	240007	0.209482226358377	0.864858780463692	7164	847	0.0443303122242166	23.4924395612325	19.065796265689	15	0.880757365138076	0.11212642325457	25	24.1622443195001	-37130000	40
20220530 232717	binary	custom	TRUE	TRUE	FALSE	-100	31	473	TRUE	240007	0.252149243832634	0.573065286913576	3078	892	0.0167858839713719	77.0657250861404	93.9870415609524	28	0.521863700952963	0.980381822805308	22	91.6767185564115	5063000	41
20220530 232732	binary	custom	TRUE	TRUE	FALSE	-100	31	1	TRUE	240007	0.0275260019356695	0.715237441771509	4147	181	0.048112102124853	69.4960894291095	16.2133740426119	5	0.244490364023174	0.800916033355558	20	210.152030867777	-15125000	42
20220530 232737	binary	custom	TRUE	TRUE	FALSE	-100	31	1	TRUE	240007	0.0808316764768582	0.833611165305289	1810	922	0.0202644340094493	7.15924535907106	87.9017580091992	29	0.517884886498602	0.144764798436275	17	182.738286565389	-27888000	43
20220530 232823	binary	custom	TRUE	TRUE	FALSE	-100	31	467	TRUE	240007	0.0743897463457445	0.965578485478181	3431	1019	0.0281064397870472	5.56958228262374	3.11984982884799	19	0.0390785011647191	0.8890054741593	24	29.3944545358775	10597000	44
20220530 232833	binary	custom	TRUE	TRUE	FALSE	-100	31	10	TRUE	240007	0.0314530778017555	0.785589645721484	1130	70	0.0493668390810247	98.1690442868664	98.680728879602	25	0.10227175449351	0.276099300797796	5	18.1030631403667	12049000	45
20220530 232841	binary	custom	TRUE	TRUE	FALSE	-100	31	1	TRUE	240007	0.0891838335656212	0.9104589176015	7447	297	0.0109694569151341	31.8106025326415	44.4864286885907	23	0.954743235328351	0.758171158008433	6	101.79874470175	-35892000	46
20220530 232848	binary	custom	TRUE	TRUE	FALSE	-100	31	1	TRUE	240007	0.162982678114107	0.225842742156237	6334	214	0.0154640753208999	57.4111711175647	66.9369329004743	2	0.06257323618532	0.909480918771199	28	5.42456386010468	357000	47
20220530 232912	binary	custom	TRUE	TRUE	FALSE	-100	31	469	TRUE	240007	0.294353832474784	0.41217987431058	1930	605	0.0412449368748639	48.37016036084	46.2217951799782	15	0.549168791529761	0.243681409978308	12	259.534661131139	6094000	48
20220530 232958	binary	custom	TRUE	TRUE	FALSE	-100	31	422	TRUE	240007	0.130303972839991	0.957690062792144	2379	714	0.0285249593259183	56.2173199822908	28.6831838591251	19	0.435829170766404	0.905827719344606	20	175.566327420439	7588000	49
20220530 233028	binary	custom	TRUE	TRUE	FALSE	-100	31	465	TRUE	240007	0.239720523226974	0.895424502781375	2174	382	0.0269922838407356	26.8028036908203	54.6038000793717	15	0.495701627457821	0.488579801932472	11	78.7743177402734	7889000	50
20220530 233049	binary	custom	TRUE	TRUE	FALSE	-100	31	133	TRUE	240007	0.231536787853101	0.394319907358879	106	395	0.0287629225349556	83.2776756336136	45.1557298383129	27	0.489006969012845	0.678134693784188	26	109.425542035427	6997000	51
20220530 233125	binary	custom	TRUE	TRUE	FALSE	-100	31	485	TRUE	240007	0.15914140335011	0.712459938070945	605	606	0.0259520113786334	83.5913299104872	67.4886546686602	9	0.0603275778179374	0.66412529812954	20	105.200745095922	7089000	52
20220530 233231	binary	custom	TRUE	TRUE	FALSE	-100	31	915	TRUE	240007	0.129329288602679	0.913730143516766	727	222	0.046014293238384	54.564044310397	46.2032460423995	17	0.341370591848683	0.277577116401648	1	120.281159242489	7942000	53
20220530 233302	binary	custom	TRUE	TRUE	FALSE	-100	31	192	TRUE	240007	0.130920159175829	0.496821386502753	588	704	0.0281648101876451	23.4146380509943	8.47424493460426	18	0.809240456362336	0.860760181578077	26	64.6929802645532	7556000	54
20220530 233332	binary	custom	TRUE	TRUE	FALSE	-100	31	383	TRUE	240007	0.214188906860626	0.620792142950629	3034	764	0.0222965969244691	7.89372934760185	41.0188645423176	21	0.311229674516245	0.526887811388399	1	170.640010191126	8078000	55
20220530 233422	binary	custom	TRUE	TRUE	FALSE	-100	31	415	TRUE	240007	0.11441855883118	0.38250838580607	4215	946	0.0340897863022523	22.1940991802351	19.9448550606728	18	0.692549889344819	0.93757027118681	19	97.6443078146112	7783000	56
20220530 233452	binary	custom	TRUE	TRUE	FALSE	-100	31	266	TRUE	240007	0.280558588297678	0.465722630126507	901	240	0.0218560116912468	4.03373235351671	61.0173135532478	13	0.249474509345656	0.553885801106342	20	90.6135472892506	7113000	57
20220530 233521	binary	custom	TRUE	TRUE	FALSE	-100	31	403	TRUE	240007	0.225586875050662	0.693063189012925	3590	996	0.034622160698072	46.7290856459515	34.4525987564311	28	0.19768206784073	0.883956757883548	21	23.1394559670918	7463000	58
20220530 233600	binary	custom	TRUE	TRUE	FALSE	-100	31	440	TRUE	240007	0.159248513453676	0.565710911505473	180	27	0.0261908662861624	64.6945593806053	12.2650624185556	4	0.166369452748013	0.679706729514175	20	201.407770309137	4513000	59
20220530 233612	binary	custom	TRUE	TRUE	FALSE	-100	31	15	TRUE	240007	0.0528603945292121	0.275313760452667	145	349	0.0271027124774666	97.4921639845884	84.7710498772489	11	0.13302374196545	0.69812418970032	21	4.71775007156042	11987000	60
20220530 233638	binary	custom	TRUE	TRUE	FALSE	-100	31	156	TRUE	240007	0.190112194468307	0.487308930772691	1873	581	0.0227844537031636	93.6072992576471	3.62967810361629	27	0.634733858538805	0.846663094769295	27	168.938976971696	6616000	61
20220530 233730	binary	custom	TRUE	TRUE	FALSE	-100	31	805	TRUE	240007	0.156402366863888	0.576170030475291	4043	357	0.0284979433404677	14.0716052145069	15.3477896788033	11	0.202712817356232	0.437453487530875	11	254.429723221831	5728000	62
20220530 233754	binary	custom	TRUE	TRUE	FALSE	-100	31	257	TRUE	240007	0.271767723793914	0.600341288914606	2033	319	0.0358402670994439	39.3001369178157	39.5325244739667	18	0.768393577967328	0.385828264996962	2	118.927116441047	6454000	63
20220530 233819	binary	custom	TRUE	TRUE	FALSE	-100	31	327	TRUE	240007	0.226142280663321	0.6636360833562	1618	828	0.0284290689451955	53.5597258522568	20.7487731492367	17	0.750000563094006	0.516003298383628	18	119.272735582062	7030000	64
20220530 233906	binary	custom	TRUE	TRUE	FALSE	-100	31	529	TRUE	240007	0.252672732103821	0.569984490187299	5208	714	0.01813941845683	24.3825863772431	12.8648227360742	15	0.414508681516667	0.490566707425663	23	97.5011905975685	6604000	65
20220530 233953	binary	custom	TRUE	TRUE	FALSE	-100	31	625	TRUE	240007	0.146565440419197	0.871776834633665	7305	975	0.0353715424085669	54.6047155067449	82.1366309893968	27	0.468313895549863	0.964045434462025	7	119.2213110295	3588000	66
20220530 234030	binary	custom	TRUE	TRUE	FALSE	-100	31	196	TRUE	240007	0.179090574390874	0.372000247292143	2188	964	0.0248387570229932	3.79919893090924	33.4315482422301	14	0.0704312274534436	0.884642420111784	12	186.256171917696	7616000	67
20220530 234037	binary	custom	TRUE	TRUE	FALSE	-100	31	44	TRUE	240007	0.120129153944768	0.855705682806806	155	669	0.0291328571752323	89.2679159534422	28.8003632040561	23	0.0485615996511647	0.732695135802187	30	2.3957551493849	11936000	68
20220530 234149	binary	custom	TRUE	TRUE	FALSE	-100	31	738	TRUE	240007	0.0723125896339772	0.384815106757107	65	795	0.0316016723433149	61.5974554451677	62.2016327061565	27	0.421147238375908	0.755100021045451	26	246.037731536926	4886000	69
20220530 234209	binary	custom	TRUE	TRUE	FALSE	-100	31	94	TRUE	240007	0.297118350332172	0.415688489848577	2088	771	0.0327240158907521	74.2704384567973	16.3734348427548	11	0.981869421728088	0.938378994457781	6	72.6008360303824	6250000	70
20220530 234242	binary	custom	TRUE	TRUE	FALSE	-100	31	549	TRUE	240007	0.246181289349247	0.317043907745333	92	233	0.0487978902100605	99.8653001788339	94.5334127789242	15	0.669377421037996	0.270707549346494	3	47.4092609672832	6338000	71
20220530 234250	binary	custom	TRUE	TRUE	FALSE	-100	31	3	TRUE	240007	0.155090860385632	0.575101421034946	1	229	0.0327085126088271	83.3141584176727	10.7709187265284	27	0.273249233930849	0.728975795415827	26	5.32072749925796	10599000	72
20220530 234322	binary	custom	TRUE	TRUE	FALSE	-100	31	12	TRUE	240007	0.0132260841840696	0.349570210296054	405	694	0.0242003019803305	99.8919688115964	54.3779962078258	4	0.01664794357108	0.713449303774993	27	13.2384449331442	11548000	73
20220530 234345	binary	custom	TRUE	TRUE	FALSE	-100	31	19	TRUE	240007	0.0253397118713886	0.343338491315711	1	435	0.0242678741361555	86.7597164956775	56.9221607883201	17	0.0206928886307941	0.701842634906672	13	5.65620968114784	12363000	74
20220530 234412	binary	custom	TRUE	TRUE	FALSE	-100	31	263	TRUE	240007	0.0383525748705454	0.320795307526579	300	353	0.0243935416962737	61.5418498311927	56.3612985592416	14	0.00774628321463185	0.67203895403455	25	0.886132068631128	8901000	75
20220530 234431	binary	custom	TRUE	TRUE	FALSE	-100	31	104	TRUE	240007	0.256266542596748	0.91562128864144	1936	488	0.0395805146108262	3.58133927655288	42.2012124579816	22	0.31402149227541	0.926044037172347	14	171.759721593117	6936000	76
20220530 234500	binary	custom	TRUE	TRUE	FALSE	-100	31	241	TRUE	240007	0.243633197996804	0.207362293733987	2832	516	0.0423399014691548	57.8032751431896	46.5529720569832	30	0.633404311446982	0.961558570859785	18	178.786289871272	7981000	77
20220530 234517	binary	custom	TRUE	TRUE	FALSE	-100	31	138	TRUE	240007	0.166301814118367	0.79796010855997	17	61	0.0240204567495946	70.0203108509734	23.7779562142289	24	0.754979258818902	0.873916013700915	15	62.26532575473	5086000	78
20220530 234541	binary	custom	TRUE	TRUE	FALSE	-100	31	18	TRUE	240007	0.0110045352561791	0.727866255086794	2759	44	0.0442196310572439	73.8798708544498	82.6298080122199	24	0.0441608029783328	0.326017998421972	4	25.2916848559574	11925000	79
20220530 234551	binary	custom	TRUE	TRUE	FALSE	-100	31	1	TRUE	240007	0.0810316433788631	0.875857571031238	933	34	0.0400641573121854	88.3505137864104	85.6371806785172	19	0.167930839450832	0.342327363683915	3	276.197298816693	-19576000	80
20220530 234604	binary	custom	TRUE	TRUE	FALSE	-100	31	11	TRUE	240007	0.0294721181565269	0.578473545150927	2663	578	0.0463093435859118	20.4545277641681	59.8001967935564	23	0.495616342137997	0.302579144119285	6	15.9571615004226	11505000	81
20220530 234612	binary	custom	TRUE	TRUE	FALSE	-100	31	1	TRUE	240007	0.0745572106876961	0.453783894403782	3361	83	0.0474560215464878	61.9959164236643	63.4730693828509	27	0.0888770804291609	0.292658985326605	6	0.621480728918173	0	82
20220530 234641	binary	custom	TRUE	TRUE	FALSE	-100	31	13	TRUE	240007	0.0105984927218257	0.526043200084986	1058	414	0.0493501848558246	67.5104325094844	49.4916166907164	17	0.191947654024787	0.274146913836563	9	37.9793665768256	12099000	83
20220530 234655	binary	custom	TRUE	TRUE	FALSE	-100	31	9	TRUE	240007	0.0582550701076023	0.519885911318478	445	688	0.026366909458194	94.6552633840349	31.1846072186189	20	0.400204139039495	0.829436962742848	20	4.39991450599923	12030000	84
20220530 234704	binary	custom	TRUE	TRUE	FALSE	-100	31	14	TRUE	240007	0.121874560308157	0.294296954204349	1043	435	0.0270466566941887	96.0559554007472	28.5785627896941	17	0.408605574169859	0.707435291155015	27	6.29492187231899	8582000	85
20220530 234809	binary	custom	TRUE	TRUE	FALSE	-100	31	1041	TRUE	240007	0.133722604437471	0.390370259057328	1577	527	0.0353529394904476	32.4802064375897	13.4165226979508	8	0.393742881194449	0.325139678577936	6	59.6866717724728	7441000	86
20220530 234838	binary	custom	TRUE	TRUE	FALSE	-100	31	297	TRUE	240007	0.0828497955642125	0.94426633122751	757	528	0.0293889395674269	81.8369724664498	64.8481706472412	21	0.0622717126413231	0.826290206983559	30	41.4861781052927	1585000	87
20220530 234911	binary	custom	TRUE	TRUE	FALSE	-100	31	300	TRUE	240007	0.240193592888326	0.492562337348753	4354	567	0.0360417498480983	25.475826245266	38.2007114779528	15	0.791061477279892	0.695546235715738	15	168.183648223982	8418000	88
20220530 234954	binary	custom	TRUE	TRUE	FALSE	-100	31	370	TRUE	240007	0.144949062931993	0.566572637599718	1867	868	0.0339254687174423	69.6667016491309	26.0646148514763	19	0.806709975832067	0.749043545220843	25	137.038899211559	6962000	89
20220530 235047	binary	custom	TRUE	TRUE	FALSE	-100	31	781	TRUE	240007	0.200170990148842	0.283280640346953	3399	306	0.025721422000009	27.1985135171499	57.8853954172189	25	0.51403793344961	0.57015779530727	23	213.891877791235	8628000	90
20220530 235154	binary	custom	TRUE	TRUE	FALSE	-100	31	504	TRUE	240007	0.0598361253504797	0.45165673377065	641	878	0.0212050718875609	89.32117756207	9.27399484916622	8	0.577451400037288	0.867890182334986	16	190.711129646309	-1132000	91
20220530 235231	binary	custom	TRUE	TRUE	FALSE	-100	31	385	TRUE	240007	0.201105218507099	0.645546587834495	2416	513	0.0378850267980318	71.7465256455421	60.674409450952	24	0.42433044633819	0.712877047352376	6	34.6748688901429	5684000	92
20220530 235304	binary	custom	TRUE	TRUE	FALSE	-100	31	286	TRUE	240007	0.254012878853435	0.341811295756285	792	588	0.0414411237070352	25.6120997747499	64.8558475046148	9	0.41658835368203	0.530059796022222	8	74.1428212290026	7368000	93
20220530 235329	binary	custom	TRUE	TRUE	FALSE	-100	31	151	TRUE	240007	0.133734774654995	0.436326162038322	667	608	0.0297582395585117	20.3149072779261	20.1619587145341	29	0.172105609116356	0.618685265363593	21	113.619974080543	7323000	94
20220530 235338	binary	custom	TRUE	TRUE	FALSE	-100	31	1	TRUE	240007	0.0430624579930896	0.846037858580493	539	739	0.0274885687749558	98.2593333157797	24.3225486506946	18	0.210552963982249	0.713179021956064	18	0.915207802687988	0	95
20220530 235354	binary	custom	TRUE	TRUE	FALSE	-100	31	120	TRUE	240007	0.0270776996868867	0.364330080846431	2274	343	0.0469684194970112	54.6201746082722	47.7524049682671	15	0.130118513546278	0.265545689612173	7	3.87624970805064	12029000	96
20220530 235432	binary	custom	TRUE	TRUE	FALSE	-100	31	317	TRUE	240007	0.217907011454817	0.303214647228092	3602	577	0.0320075103070738	44.4633209418316	34.2809537797868	12	0.562688237210833	0.916387040109079	8	182.929336240467	7683000	97
20220530 235456	binary	custom	TRUE	TRUE	FALSE	-100	31	290	TRUE	240007	0.284295585251777	0.631260667652255	3570	680	0.0378642638474973	39.2257508743921	3.79085710038856	20	0.671221117284495	0.561829806757572	15	154.077558760541	4982000	98
20220530 235537	binary	custom	TRUE	TRUE	FALSE	-100	31	712	TRUE	240007	0.226973554295778	0.654629443871994	4478	330	0.0206340013765572	1.71530226842974	67.7947576866822	7	0.92275712027576	0.547903852187912	19	187.036844820387	8363000	99
20220530 235554	binary	custom	TRUE	TRUE	FALSE	-100	31	78	TRUE	240007	0.066318979617803	0.379958148088398	794	909	0.0307882900827184	26.6823065064416	0.164451755594675	30	0.231164765752486	0.894009818770086	24	0.641839025228743	7023000	100
20220530 235625	binary	custom	TRUE	TRUE	FALSE	-100	31	227	TRUE	240007	0.189495640366996	0.616860045851219	2523	814	0.0414947765019691	22.6180524875749	30.398590174288	10	0.383505347448255	0.946349010534963	21	90.2629041772102	9055000	101
20220530 235706	binary	custom	TRUE	TRUE	FALSE	-100	31	526	TRUE	240007	0.166624132603859	0.325276919281111	1057	544	0.0198497620300687	26.2551354521285	76.0648482083138	21	0.562422948081195	0.484597992069248	24	213.472913174254	7635000	102
20220530 235751	binary	custom	TRUE	TRUE	FALSE	-100	31	487	TRUE	240007	0.236239296807668	0.440282917450313	2610	441	0.0302976655333475	7.91528146836277	91.206268176893	19	0.172707634795279	0.632817701933353	19	90.9628907885748	8980000	103
20220530 235817	binary	custom	TRUE	TRUE	FALSE	-100	31	8	TRUE	240007	0.0151110661371434	0.507149970893513	883	92	0.0477620637195736	34.287136817703	90.6729481183019	25	0.797274352211892	0.275088947683193	2	50.7712940100564	11348000	104
20220530 235847	binary	custom	TRUE	TRUE	FALSE	-100	31	393	TRUE	240007	0.0218754427176286	0.523225998303971	1540	120	0.0237018666087448	91.5006693664308	56.6804640945554	19	0.198427225147513	0.34460798569873	2	1.43133354339158	1785000	105
20220530 235939	binary	custom	TRUE	TRUE	FALSE	-100	31	526	TRUE	240007	0.137423957261015	0.28758281515469	248	627	0.0281788847220465	42.0133492946558	55.469808427406	27	0.200973972192173	0.784822944026481	14	120.990841175361	7768000	106
20220531 000020	binary	custom	TRUE	TRUE	FALSE	-100	31	442	TRUE	240007	0.142386336247857	0.784134718807176	4063	960	0.0328411579666777	1.01874490873932	7.75617437064659	12	0.052043398406985	0.877779367184675	27	113.057943244928	9107000	107
20220531 000104	binary	custom	TRUE	TRUE	FALSE	-100	31	601	TRUE	240007	0.210053432239086	0.811249420175253	2085	496	0.0457665148086074	24.864651195163	20.4677972281805	6	0.567539243487019	0.2860999499436	1	29.6188355012605	8372000	108
20220531 000155	binary	custom	TRUE	TRUE	FALSE	-100	31	323	TRUE	240007	0.230744657405932	0.558514315329248	2514	564	0.0421614987326354	14.5922363657165	82.5462703973103	6	0.971175367160917	0.855331626581711	14	186.436605022381	8093000	109
20220531 000219	binary	custom	TRUE	TRUE	FALSE	-100	31	180	TRUE	240007	0.194083436714577	0.783117925701967	1473	641	0.0199653141792417	10.1873349787641	5.3504934607023	28	0.377965461739459	0.727751660837079	30	231.362366461082	7669000	110
20220531 000227	binary	custom	TRUE	TRUE	FALSE	-100	31	34	TRUE	240007	0.149098904597234	0.811591688082548	2734	1020	0.0175560434186997	15.2015142853966	21.9794937134077	10	0.970880763035223	0.942379539923137	16	0.433097284682443	8074000	111
20220531 000320	binary	custom	TRUE	TRUE	FALSE	-100	31	405	TRUE	240007	0.198163354282557	0.593379179123122	3868	925	0.0482463953595256	33.817377966299	40.6099858915778	29	0.742117808553646	0.943625837677581	14	252.075537050009	8106000	112
20220531 000335	binary	custom	TRUE	TRUE	FALSE	-100	31	18	TRUE	240007	0.0199170446361223	0.778439031153092	2502	168	0.023592222473456	32.3965273603999	48.5059259576245	9	0.371662556390092	0.281414227208879	6	7.20961502339324	11223000	113
20220531 000413	binary	custom	TRUE	TRUE	FALSE	-100	31	418	TRUE	240007	0.238297436037319	0.278696397105228	2655	229	0.0258758815455269	17.9864380853429	95.1793867078862	13	0.872322119116864	0.665558670844271	17	297.190714219815	6197000	114
20220531 000441	binary	custom	TRUE	TRUE	FALSE	-100	31	188	TRUE	240007	0.230255376278881	0.345112734969013	768	718	0.0206031738718845	14.6931408543915	22.8072380152863	15	0.103302567173623	0.683428641600447	3	33.9467107306228	7898000	115
20220531 000537	binary	custom	TRUE	TRUE	FALSE	-100	31	465	TRUE	240007	0.265064487048913	0.528552500740156	6509	775	0.0417300808505768	3.75693446825248	16.8677201665111	13	0.773216626403814	0.95891106797788	18	158.630382862119	8362000	116
20220531 000543	binary	custom	TRUE	TRUE	FALSE	-100	31	1	TRUE	240007	0.185925464506163	0.67715878242906	2413	648	0.0429728173641588	21.4192181946014	88.7468003714018	2	0.175558730607702	0.368442394552869	10	49.3221004301315	-16181000	117
20220531 000559	binary	custom	TRUE	TRUE	FALSE	-100	31	1	TRUE	240007	0.0159079453804613	0.752480360224772	3568	285	0.0373679597866069	36.5976302411535	61.4756159692004	10	0.801699646007454	0.293771955097167	2	1.30962824074352	0	118
20220531 000626	binary	custom	TRUE	TRUE	FALSE	-100	31	7	TRUE	240007	0.0215043423624039	0.481522344280593	216	647	0.0459971565168327	3.85118612584785	46.1816146080379	21	0.393381917213085	0.276441982638673	1	25.4974952715348	11827000	119
20220531 000634	binary	custom	TRUE	TRUE	FALSE	-100	31	1	TRUE	240007	0.121568634392868	0.800963424649131	1087	280	0.0257226765271395	18.1008832839961	11.3560601013891	15	0.217514221016489	0.299085438454655	11	17.9348020580892	1145000	120
20220531 000643	binary	custom	TRUE	TRUE	FALSE	-100	31	1	TRUE	240007	0.19725371120106	0.85500529571469	229	810	0.0298850294394582	58.665729415009	12.9485523275956	18	0.00273377913991857	0.733856397665599	29	10.1139300525393	8391000	121
20220531 000751	binary	custom	TRUE	TRUE	FALSE	-100	31	570	TRUE	240007	0.203929469178102	0.550690770809013	3526	740	0.0394743475523372	35.6524780079012	5.07854968026656	27	0.79331925437736	0.898290094638875	20	281.9930790438	7943000	122
20220531 000825	binary	custom	TRUE	TRUE	FALSE	-100	31	345	TRUE	240007	0.173092998823148	0.923966688007919	4545	909	0.027901488137098	3.46745796778166	11.3368841463274	12	0.361200766094358	0.935139460389115	21	28.6042303337651	10119000	123
20220531 000905	binary	custom	TRUE	TRUE	FALSE	-100	31	250	TRUE	240007	0.226680809053768	0.485470353454026	4264	901	0.0416398437051895	10.6896799236352	40.0790229753452	21	0.76389499608501	0.931488553300357	3	69.08034839572	9648000	124
20220531 000933	binary	custom	TRUE	TRUE	FALSE	-100	31	336	TRUE	240007	0.258985155284992	0.346855092093834	4469	196	0.0332554500310155	25.2569994095299	75.0012725600223	11	0.809419325429628	0.511272553321556	6	176.486123551042	5150000	125
20220531 000958	binary	custom	TRUE	TRUE	FALSE	-100	31	221	TRUE	240007	0.217508261030083	0.675465924327914	1080	593	0.0212416525174843	35.4553332059673	40.7872599879037	25	0.216908356512732	0.618527230334817	17	231.189561828712	8185000	126
20220531 001018	binary	custom	TRUE	TRUE	FALSE	-100	31	58	TRUE	240007	0.22952240625352	0.455497865964449	87	556	0.0337181186355004	2.98517331297425	34.4251740846681	29	0.26362429971258	0.728480546807736	21	65.7384260449095	6697000	127
20220531 001105	binary	custom	TRUE	TRUE	FALSE	-100	31	542	TRUE	240007	0.231278556232163	0.478701142565966	4158	605	0.0244300513988492	12.0873585138944	18.3882546250151	11	0.374868443720728	0.604439859088641	19	47.2877408458546	8795000	128
20220531 001142	binary	custom	TRUE	TRUE	FALSE	-100	31	435	TRUE	240007	0.207587240064171	0.578736397275326	1385	480	0.0404518680822426	68.9320578370625	7.91202099612415	9	0.828195041529757	0.274802204166641	1	219.959361488471	5300000	129
20220531 001211	binary	custom	TRUE	TRUE	FALSE	-100	31	1	TRUE	240007	0.0178610122911865	0.267479289682092	232	220	0.0226484917320328	98.3124511798293	79.2352631090698	3	0.160337033112457	0.683796395679835	12	217.282980148616	-7321000	130
20220531 001237	binary	custom	TRUE	TRUE	FALSE	-100	31	93	TRUE	240007	0.0132108941529288	0.390066089377107	500	129	0.0458618047430284	27.4569933891854	77.0908009114617	24	0.636628556640573	0.264087314579904	6	5.57516865418841	12685000	131
20220531 001324	binary	custom	TRUE	TRUE	FALSE	-100	31	401	TRUE	240007	0.138940461770808	0.355389309428716	654	444	0.0260898818297677	18.7780972828756	22.7460897585585	23	0.505835685001366	0.416038110243285	1	253.800512451848	6930000	132
20220531 001356	binary	custom	TRUE	TRUE	FALSE	-100	31	207	TRUE	240007	0.136197733778262	0.474466092874579	244	690	0.0440739963625382	92.6803850798429	44.4024920652038	10	0.478655210103934	0.921074096001758	4	30.3490463586262	3828000	133
20220531 001429	binary	custom	TRUE	TRUE	FALSE	-100	31	214	TRUE	240007	0.216895815267967	0.419924933994865	4177	879	0.0286712222988319	8.07628598195482	20.2427413249051	17	0.963752894029773	0.998364674168324	18	56.462897683706	9238000	134
20220531 001527	binary	custom	TRUE	TRUE	FALSE	-100	31	945	TRUE	240007	0.145933992095079	0.410299650619912	4315	441	0.00922051080756472	93.1605533840968	63.2254727086955	11	0.515211235393062	0.432807463003497	23	205.710636599726	1299000	135
20220531 001627	binary	custom	TRUE	TRUE	FALSE	-100	31	624	TRUE	240007	0.161450464268595	0.330363547370155	153	649	0.0213118891094629	79.5042355928356	17.5560085772567	25	0.30016806235029	0.6174978983031	2	35.3347578874682	5123000	136
20220531 001832	binary	custom	TRUE	TRUE	FALSE	-100	31	1596	TRUE	240007	0.246152399951055	0.880473725060369	4171	839	0.0196247197291975	78.6523989064255	35.5070306975548	26	0.412350838386451	0.470014769995672	1	53.781851989112	5230000	137
20220531 001930	binary	custom	TRUE	TRUE	FALSE	-100	31	592	TRUE	240007	0.222118151294926	0.620897847595794	5656	1004	0.0328792807285633	4.98665308389697	90.4969137981945	9	0.2143642334721	0.965000838418014	13	85.7014509807115	9193000	138
20220531 002038	binary	custom	TRUE	TRUE	FALSE	-100	31	927	TRUE	240007	0.130649825303924	0.326938835770086	1800	512	0.0405846578115033	5.15702407200728	24.462242605318	20	0.170806935251295	0.26848371352184	1	212.69403667982	7748000	139
20220531 002117	binary	custom	TRUE	TRUE	FALSE	-100	31	555	TRUE	240007	0.231921919702647	0.798372756879473	4194	128	0.0261273405396273	19.0018134322285	75.8214569371558	26	0.247289264132119	0.66957599675048	27	120.578000255615	7512000	140
20220531 002135	binary	custom	TRUE	TRUE	FALSE	-100	31	105	TRUE	240007	0.273721890315478	0.381679758145656	4195	823	0.0444017489749594	13.770024021053	64.5938481223151	11	0.316653302626307	0.842349635464296	10	4.07338689010957	11258000	141
20220531 002157	binary	custom	TRUE	TRUE	FALSE	-100	31	182	TRUE	240007	0.254081768866851	0.875027988751182	3348	1014	0.0419393869592663	7.41537362189628	33.6932657533939	7	0.449445103058797	0.851744252871704	11	17.8460304683178	8895000	142
20220531 002214	binary	custom	TRUE	TRUE	FALSE	-100	31	1	TRUE	240007	0.249905721796663	0.352827537112828	4792	771	0.0154697669888681	13.8578511610862	60.8473123082931	18	0.557501419030019	0.89302881459386	13	7.49368882118153	4974000	143
20220531 002246	binary	custom	TRUE	TRUE	FALSE	-100	31	217	TRUE	240007	0.27341601332691	0.530490353096333	2718	778	0.0467266699180062	11.5928636538835	58.0526318837089	11	0.205762374712863	0.791283790644676	1	101.239876683272	7819000	144
20220531 002259	binary	custom	TRUE	TRUE	FALSE	-100	31	84	TRUE	240007	0.28134600275634	0.674036998048494	4528	916	0.0446116625110767	34.1777696796897	62.7136407355845	10	0.257140060881219	0.989094369002183	9	7.0844534299496	8797000	145
20220531 002344	binary	custom	TRUE	TRUE	FALSE	-100	31	414	TRUE	240007	0.255890879993859	0.459262668049925	5051	807	0.0499273543659219	54.1779071213369	90.3185537052201	17	0.478495635151122	0.900083857771328	12	69.7649428978911	7973000	146
20220531 002451	binary	custom	TRUE	TRUE	FALSE	-100	31	760	TRUE	240007	0.116495467102951	0.855725689978701	3585	1004	0.0121946243949047	29.9684715859045	54.1266855431317	29	0.741185630369265	0.989428709996605	29	221.328449922194	7925000	147
20220531 002538	binary	custom	TRUE	TRUE	FALSE	-100	31	401	TRUE	240007	0.10837209218979	0.524361137958179	224	594	0.0123267366914686	83.7767054413616	13.2563573892767	30	0.843868048273942	0.788298626847591	28	79.1936147297007	358000	148
20220531 002618	binary	custom	TRUE	TRUE	FALSE	-100	31	338	TRUE	240007	0.229284675876906	0.545356743605388	2821	341	0.0483057120520191	13.464705037027	6.992894236838	22	0.607551433261801	0.468088890415616	1	83.5757556525631	7251000	149
20220531 002658	binary	custom	TRUE	TRUE	FALSE	-100	31	321	TRUE	240007	0.118698577673615	0.827863489568115	2894	990	0.0262333954101364	2.27932412042757	68.9112482379182	18	0.203416673184572	0.994236711685214	28	34.6299879653271	9423000	150
20220531 002715	binary	custom	TRUE	TRUE	FALSE	-100	31	103	TRUE	240007	0.254750947377211	0.890554914830201	419	449	0.0496041898785865	22.7979167838592	17.0416121740199	6	0.670678026522587	0.292157064883955	1	94.9415947267863	7083000	151
20220531 002732	binary	custom	TRUE	TRUE	FALSE	-100	31	1	TRUE	240007	0.0307868945677739	0.264272968423252	36	540	0.0239341381180247	95.0642561363591	62.4455603936333	11	0.1716284503501	0.80788303567599	21	0.45771546844166	0	152
20220531 002821	binary	custom	TRUE	TRUE	FALSE	-100	31	447	TRUE	240007	0.178557877139455	0.514119154565915	3073	736	0.0331124212135529	63.0374738437698	31.6647616569901	20	0.519983457759889	0.83710259959633	14	80.2928566222875	6995000	153
20220531 002910	binary	custom	TRUE	TRUE	FALSE	-100	31	452	TRUE	240007	0.156010971886279	0.639471491461469	3473	719	0.0254527833236473	15.1282574041398	56.9146212304209	25	0.541048954476468	0.963894967899588	22	221.017375966144	8795000	154
20220531 002948	binary	custom	TRUE	TRUE	FALSE	-100	31	299	TRUE	240007	0.277029217718364	0.398513457599077	3296	975	0.0411722124139523	7.77778006250267	56.9245082510821	6	0.0940338503807563	0.926876781065582	13	20.5252275625427	9312000	155
20220531 003014	binary	custom	TRUE	TRUE	FALSE	-100	31	186	TRUE	240007	0.230964138504653	0.822873123891584	3807	1023	0.0322509447505988	10.982776811679	37.4419766489517	16	0.388103772037866	0.987012110375269	24	175.121051154701	7457000	156
20220531 003048	binary	custom	TRUE	TRUE	FALSE	-100	31	338	TRUE	240007	0.259436581037409	0.2215803253367	2015	611	0.0414482858385614	21.1573655719255	43.5219840945255	15	0.611274342884349	0.692561521768339	4	19.5822255373868	8355000	157
20220531 003117	binary	custom	TRUE	TRUE	FALSE	-100	31	239	TRUE	240007	0.263945185276903	0.232969468958291	3179	391	0.0428790839928936	12.2827765630435	23.7926659415136	16	0.692925106191977	0.837012289947351	14	117.984480008572	6657000	158
20220531 003156	binary	custom	TRUE	TRUE	FALSE	-100	31	447	TRUE	240007	0.116796662356839	0.684343609502113	2656	351	0.0318197336118031	83.5984386856469	15.4822016167868	25	0.907910129555573	0.952032909307631	24	92.2077313085171	5124000	159
20220531 003255	binary	custom	TRUE	TRUE	FALSE	-100	31	664	TRUE	240007	0.0981936607954145	0.852132915251998	3214	963	0.0381609239344732	7.58946193555187	75.1632597081391	24	0.801587905834154	0.905440255864268	25	68.2829874147219	9985000	160
20220531 003317	binary	custom	TRUE	TRUE	FALSE	-100	31	80	TRUE	240007	0.122992189993461	0.471271175312929	52	688	0.0346243717656296	16.2699415541652	73.5842663854962	18	0.152686162237534	0.715302036702342	20	0.994219564412802	10738000	161
20220531 003351	binary	custom	TRUE	TRUE	FALSE	-100	31	344	TRUE	240007	0.22018138151497	0.44180884784715	1582	521	0.0100146430052003	33.3697349066393	36.1543287920409	24	0.576353477932254	0.483139439500737	10	141.515960450442	8047000	162
20220531 003456	binary	custom	TRUE	TRUE	FALSE	-100	31	709	TRUE	240007	0.165960732696933	0.43602896875478	2500	751	0.0273260266082946	87.9882020926512	73.1889746136056	28	0.0155921822376584	0.713430791486869	21	164.851380916746	5373000	163
20220531 003525	binary	custom	TRUE	TRUE	FALSE	-100	31	3	TRUE	240007	0.0121300288002825	0.505220436713767	2353	501	0.0459869346806836	2.56562895240993	11.2850006447349	18	0.0612294818834485	0.313928681903693	12	138.104599981099	9004000	164
20220531 003545	binary	custom	TRUE	TRUE	FALSE	-100	31	27	TRUE	240007	0.166160865681615	0.696555517773776	33	510	0.033358631546647	8.63886909566423	11.0506113469794	24	0.276863795073831	0.690126747412112	30	238.060646510807	4842000	165
20220531 003623	binary	custom	TRUE	TRUE	FALSE	-100	31	467	TRUE	240007	0.199692320968042	0.79856936850497	2561	625	0.0170449646803989	0.996874864990719	44.4692592140244	5	0.428294973133294	0.87431417728992	23	184.872993017391	8552000	166
20220531 003705	binary	custom	TRUE	TRUE	FALSE	-100	31	546	TRUE	240007	0.286731997480418	0.651568560045397	5241	653	0.0377435895203823	23.1044386505682	67.6806622985383	6	0.14431838019309	0.860198025669481	14	44.1947212629884	8189000	167
20220531 003717	binary	custom	TRUE	TRUE	FALSE	-100	31	63	TRUE	240007	0.268272343473117	0.648156219247971	2665	805	0.0258311473318077	24.6269538725059	63.7352164693596	7	0.488210410118952	0.723835708962055	23	4.93791112902083	7449000	168
20220531 003755	binary	custom	TRUE	TRUE	FALSE	-100	31	389	TRUE	240007	0.177083763741549	0.725236174010856	2021	343	0.0276510711760925	65.3803565017382	50.3997283547801	7	0.979677882737976	0.862836933082102	21	295.21469973246	7578000	169
20220531 003826	binary	custom	TRUE	TRUE	FALSE	-100	31	7	TRUE	240007	0.0102876189732104	0.329772033155069	1693	335	0.0326885187809621	28.4322219837347	94.5615631667246	13	0.120700903982403	0.272552393241058	5	77.252960304532	10454000	170
20220531 003900	binary	custom	TRUE	TRUE	FALSE	-100	31	337	TRUE	240007	0.209914699572129	0.438614359877932	1586	661	0.0207906585175639	2.84616378397869	48.1849863827062	5	0.621711365735195	0.630143166973343	22	155.70359458952	8605000	171
20220531 003914	binary	custom	TRUE	TRUE	FALSE	-100	31	163	TRUE	240007	0.188633600497562	0.838417157230995	2436	284	0.0338396915088526	78.923101940009	35.3678971309286	26	0.471882035625771	0.645099148874651	30	22.2717385629518	-508000	172
20220531 003959	binary	custom	TRUE	TRUE	FALSE	-100	31	393	TRUE	240007	0.226840054410591	0.314940333102379	4818	1001	0.0424498554479522	35.3325216159061	62.6002386689114	5	0.947836384154035	0.974126814573847	16	145.452184323429	8002000	173
20220531 004013	binary	custom	TRUE	TRUE	FALSE	-100	31	83	TRUE	240007	0.104172216019169	0.696525483454228	1882	1016	0.0219551217329874	4.28544410331135	33.9864061301672	19	0.36132354655322	0.863493099564704	26	0.906570330209062	12648000	174
20220531 004046	binary	custom	TRUE	TRUE	FALSE	-100	31	222	TRUE	240007	0.0944889544888509	0.750976438440681	2039	961	0.0351863189404898	4.19520157030069	3.20818699780247	30	0.500842609820904	0.846511384239572	30	77.3200016432746	8662000	175
20220531 004103	binary	custom	TRUE	TRUE	FALSE	-100	31	74	TRUE	240007	0.106402964197197	0.740475259409483	2831	963	0.0204428522867452	6.67031379283214	59.2497509703626	18	0.32314000845879	0.911731160790386	25	2.29329503395295	12155000	176
20220531 004113	binary	custom	TRUE	TRUE	FALSE	-100	31	1	TRUE	240007	0.277381401051584	0.42613575478456	487	521	0.0355247023065293	74.2055054612186	68.9382026483945	7	0.141901236486228	0.715959191517313	4	0.939901197363469	0	177
20220531 004153	binary	custom	TRUE	TRUE	FALSE	-100	31	327	TRUE	240007	0.279454572363917	0.377656579202105	4538	922	0.041119255248989	3.63709806753597	79.0898628540008	27	0.402829743423107	0.845603110061931	15	260.029950659853	7577000	178
20220531 004225	binary	custom	TRUE	TRUE	FALSE	-100	31	244	TRUE	240007	0.238751458641615	0.508014528562942	1773	475	0.0250815935824097	1.01794075561718	60.0562912806429	17	0.540945334638858	0.582238305216045	7	266.938026871743	8991000	179
20220531 004233	binary	custom	TRUE	TRUE	FALSE	-100	31	1	TRUE	240007	0.231088008483673	0.747967737586242	2692	623	0.0246802663759203	4.29187093327529	33.9063694702617	5	0.772290318454383	0.966802566967873	17	0.276847535985251	0	180
20220531 004306	binary	custom	TRUE	TRUE	FALSE	-100	31	358	TRUE	240007	0.215972274776212	0.947396234514399	3978	887	0.0417820778323077	9.74453841183573	86.9179899742332	13	0.419636694723638	0.823507504936598	24	184.636716392777	8351000	181
20220531 004357	binary	custom	TRUE	TRUE	FALSE	-100	31	469	TRUE	240007	0.15624038809727	0.812433620194053	3743	1011	0.0251781838855086	10.2274059552517	69.6781958408908	14	0.743893960178877	0.890539531226245	27	196.592913202855	8379000	182
20220531 004440	binary	custom	TRUE	TRUE	FALSE	-100	31	430	TRUE	240007	0.257556765458342	0.448380195785338	4279	1007	0.0434311658515047	0.140779880527463	45.7069731334997	14	0.48549114852071	0.649533626703094	8	38.0243516485653	9190000	183
20220531 004512	binary	custom	TRUE	TRUE	FALSE	-100	31	296	TRUE	240007	0.273897521265355	0.964082399513383	5412	960	0.0459652526060907	53.0492599801904	14.7839642139372	26	0.900198127243524	0.947799861414677	8	140.283945835823	5593000	184
20220531 004627	binary	custom	TRUE	TRUE	FALSE	-100	31	630	TRUE	240007	0.203298642668106	0.421957402304634	6191	894	0.0452456589658904	6.41548634990996	0.165178735984328	11	0.171274956884476	0.997652123573509	20	154.525869336825	6473000	185
20220531 004711	binary	custom	TRUE	TRUE	FALSE	-100	31	304	TRUE	240007	0.141522274646544	0.509679425126547	1922	119	0.0308693054459076	31.4922385781286	86.7055243990664	23	0.640207539811914	0.850570570481494	21	261.910594596782	8239000	186
20220531 004750	binary	custom	TRUE	TRUE	FALSE	-100	31	348	TRUE	240007	0.20263972296541	0.977495163080558	4037	985	0.0455490341975295	14.5608606769504	77.9716125434831	14	0.579124915961302	0.922671664795506	6	31.7730135028129	9259000	187
20220531 004856	binary	custom	TRUE	TRUE	FALSE	-100	31	1066	TRUE	240007	0.137743259644032	0.569926873774489	4147	768	0.0396870166070515	44.3004354566059	6.87056715160089	24	0.652575025682571	0.308911991001383	2	294.551754195592	3082000	188
20220531 004934	binary	custom	TRUE	TRUE	FALSE	-100	31	428	TRUE	240007	0.293208399443085	0.755023309170129	4355	940	0.0445866661397382	8.21674929041129	90.3755196352759	13	0.905492985940022	0.856004894677931	9	42.9939912433736	9113000	189
20220531 005027	binary	custom	TRUE	TRUE	FALSE	-100	31	765	TRUE	240007	0.262727622133462	0.978184864000209	5558	784	0.0377569527291504	2.77519255988761	71.3120323936518	14	0.440979183693387	0.69947463176989	7	75.4472521037342	9247000	190
20220531 005051	binary	custom	TRUE	TRUE	FALSE	-100	31	16	TRUE	240007	0.0170363579941101	0.51721419372052	923	708	0.0486796322640557	20.3608045607728	84.6817573335201	26	0.366540440160956	0.269144670588183	6	21.0181884285185	12313000	191
20220531 005134	binary	custom	TRUE	TRUE	FALSE	-100	31	471	TRUE	240007	0.21809095096074	0.927619812122795	6087	719	0.0449622890551046	10.2257026230528	30.3122441170061	16	0.281666175549648	0.902657539026325	11	166.338952147236	7528000	192
20220531 005218	binary	custom	TRUE	TRUE	FALSE	-100	31	367	TRUE	240007	0.211184567724258	0.431601283524801	2924	221	0.0202077159461896	32.9039451127968	65.7261162992984	22	0.548000005428906	0.771770637548206	26	266.895996431518	7531000	193
20220531 005301	binary	custom	TRUE	TRUE	FALSE	-100	31	582	TRUE	240007	0.241620445409444	0.915807602644895	4386	833	0.0164557882264365	1.09684350882719	42.1802479367961	16	0.311851028560381	0.66639860313083	23	268.992122113992	6725000	194
20220531 005349	binary	custom	TRUE	TRUE	FALSE	-100	31	393	TRUE	240007	0.198541639606415	0.2795075014706	3877	733	0.0372547124927326	3.43502064807909	89.08524581897	26	0.423274207213733	0.95787684753784	17	55.9504942211888	8683000	195
20220531 005448	binary	custom	TRUE	TRUE	FALSE	-100	31	476	TRUE	240007	0.27259588636975	0.392086690682502	6668	987	0.032428590734484	2.49063515779112	70.4875271883795	14	0.277460405387166	0.857205603723467	5	80.4297180111706	9031000	196
20220531 005538	binary	custom	TRUE	TRUE	FALSE	-100	31	374	TRUE	240007	0.204525167062306	0.442120691996182	4909	870	0.0316567016920769	81.9060766180597	38.9942835076674	28	0.611850663225541	0.998855074591194	15	119.333128872661	7749000	197
20220531 005631	binary	custom	TRUE	TRUE	FALSE	-100	31	579	TRUE	240007	0.220280332573655	0.228630609735904	2941	989	0.0394068157946626	4.16597771864548	84.5098138298685	20	0.726711624763338	0.757922537165592	8	21.3399714160911	10611000	198
20220531 005713	binary	custom	TRUE	TRUE	FALSE	-100	31	369	TRUE	240007	0.209343627639369	0.299266682773594	1478	933	0.0252523268658865	14.8545493281801	81.7173880616627	20	0.847946884456227	0.675022532545248	5	222.889618449337	8968000	199
20220531 005750	binary	custom	TRUE	TRUE	FALSE	-100	31	238	TRUE	240007	0.280628931532768	0.336777481719136	3937	624	0.0441825796044809	12.3389348794014	72.186803286373	26	0.905705788067063	0.992475109588284	9	94.6014792532571	8863000	200
20220531 005809	binary	custom	TRUE	TRUE	FALSE	-100	31	155	TRUE	240007	0.105860072660007	0.642374394552522	802	1023	0.022739799446726	11.8453985376065	74.0576122542078	21	0.300570011673662	0.886587292189038	19	1.7947907997195	13513000	201
20220531 005820	binary	custom	TRUE	TRUE	FALSE	-100	31	1	TRUE	240007	0.0758787103323345	0.669800123119777	715	1003	0.0227220367701967	5.19913786225368	64.7000988107135	20	0.447216736093372	0.905868435447458	21	0.323816375519244	0	202
20220531 005834	binary	custom	TRUE	TRUE	FALSE	-100	31	1	TRUE	240007	0.0204232377227131	0.646527665492101	17	428	0.0239677648560414	55.1286806819633	20.4094258122628	4	0.114974970210514	0.476011840302041	26	0.498400529487336	0	203
20220531 005844	binary	custom	TRUE	TRUE	FALSE	-100	31	41	TRUE	240007	0.135558119859101	0.815477936443497	722	386	0.0321453062845494	81.8610587633672	76.9374223903887	22	0.142350219537195	0.752804674214613	26	1.21873593452474	10884000	204
20220531 005936	binary	custom	TRUE	TRUE	FALSE	-100	31	514	TRUE	240007	0.117583704563982	0.779760236010095	1447	1020	0.018427677489925	12.2181236849573	72.6049822167799	24	0.131634442488878	0.868643841265553	22	28.8312213581745	9228000	205
20220531 005952	binary	custom	TRUE	TRUE	FALSE	-100	31	7	TRUE	240007	0.106659849256158	0.487813301241601	1750	775	0.0378537956682743	38.6380500503809	43.0010241505373	28	0.560257009087658	0.888778243356584	22	9.51064512500411	8594000	206
20220531 010023	binary	custom	TRUE	TRUE	FALSE	-100	31	385	TRUE	240007	0.192075314811525	0.312591647585691	4460	871	0.0131567419245308	16.9022027149451	41.0687396959017	22	0.668615585519458	0.489395090109552	17	288.613534897472	5093000	207
20220531 010128	binary	custom	TRUE	TRUE	FALSE	-100	31	918	TRUE	240007	0.128087886603548	0.295445083725554	977	365	0.0415724810909459	70.4605768922269	48.8621878479397	9	0.518180107128193	0.508256957262711	11	192.853896100834	7349000	208
20220531 010202	binary	custom	TRUE	TRUE	FALSE	-100	31	322	TRUE	240007	0.193694559829781	0.666371601272724	4412	983	0.0156365510342392	18.5762361223696	9.0597613780085	15	0.927343898001798	0.928595976126439	28	106.522538628961	8234000	209
20220531 010239	binary	custom	TRUE	TRUE	FALSE	-100	31	358	TRUE	240007	0.136597666890136	0.728452493164611	341	937	0.031541194243172	6.74385257908237	99.0607999595806	16	0.867605410657367	0.871227636669507	14	45.1425340196411	10025000	210
20220531 010334	binary	custom	TRUE	TRUE	FALSE	-100	31	386	TRUE	240007	0.108058308982002	0.399178477081504	729	848	0.032968848242767	15.4103257743469	95.1364298976307	24	0.465199891070907	0.903689709350707	22	173.751351727305	9407000	211
20220531 010408	binary	custom	TRUE	TRUE	FALSE	-100	31	289	TRUE	240007	0.209677699503533	0.705205946207147	2308	927	0.0312644882584932	1.72261853373761	72.5299127805932	24	0.93950076922056	0.863283637571149	11	121.934643486837	9360000	212
20220531 010457	binary	custom	TRUE	TRUE	FALSE	-100	31	639	TRUE	240007	0.212607694161084	0.366705193840047	3770	393	0.0223661438847623	78.8079911766259	12.1660168445325	8	0.597468030555555	0.435288553694001	11	233.04188939778	6968000	213
20220531 010511	binary	custom	TRUE	TRUE	FALSE	-100	31	4	TRUE	240007	0.107719877792286	0.671077389285046	15	571	0.0350561020726545	46.5037023565179	52.3470575049393	8	0.116754151891374	0.784816465478768	12	12.1728414685408	6851000	214
20220531 010600	binary	custom	TRUE	TRUE	FALSE	-100	31	491	TRUE	240007	0.13395779736216	0.32917041711356	165	953	0.0271794337506698	63.5376643785942	86.433162104833	21	0.854128284099983	0.643845478800286	18	254.005886064274	6423000	215
20220531 010703	binary	custom	TRUE	TRUE	FALSE	-100	31	711	TRUE	240007	0.149177961024427	0.767066138669726	3289	174	0.0347367697729217	3.40946909904106	13.7087980895005	7	0.827998058578741	0.929882155530139	29	188.386818504818	8513000	216
20220531 010741	binary	custom	TRUE	TRUE	FALSE	-100	31	320	TRUE	240007	0.210845236066081	0.244320786002053	3361	1011	0.0372325791699689	31.9899929068184	21.8481620109971	14	0.849018200901265	0.762777209516218	9	94.2771778297669	8280000	217
20220531 010803	binary	custom	TRUE	TRUE	FALSE	-100	31	4	TRUE	240007	0.0167921229005671	0.477083505983056	2314	22	0.0212657232097246	33.4378721586416	38.174706392978	12	0.072214022253869	0.251355059282479	25	29.3155386509893	10090000	218
20220531 010846	binary	custom	TRUE	TRUE	FALSE	-100	31	436	TRUE	240007	0.240977501492753	0.640133219782684	3093	1010	0.0402399480689863	20.3367002318313	74.7167924866751	27	0.481040068370596	0.731863765780497	9	103.126895907029	9201000	219
20220531 010928	binary	custom	TRUE	TRUE	FALSE	-100	31	544	TRUE	240007	0.221432398018021	0.479245827029215	1068	220	0.0233717402458718	33.5781130723392	25.9390693768818	19	0.848313882067079	0.308423663160516	5	28.9461494407029	7056000	220
20220531 010955	binary	custom	TRUE	TRUE	FALSE	-100	31	302	TRUE	240007	0.293062881483451	0.327846388491993	833	793	0.0442571712767551	41.9690505763562	71.2709277479785	19	0.522433996530435	0.304967473203919	2	11.5739440588785	7455000	221
20220531 011021	binary	custom	TRUE	TRUE	FALSE	-100	31	237	TRUE	240007	0.271525894845308	0.651597140193534	4821	974	0.0430982000862748	1.16054069146558	68.5772848489476	8	0.861708510355048	0.868187952212926	30	108.319474531922	9013000	222
20220531 011032	binary	custom	TRUE	TRUE	FALSE	-100	31	14	TRUE	240007	0.148664522638484	0.585060593148076	93	952	0.0241106105325033	82.639973415058	67.6834893760836	12	0.537586139127915	0.750342021574194	29	2.31225388706848	12363000	223
20220531 011109	binary	custom	TRUE	TRUE	FALSE	-100	31	328	TRUE	240007	0.201560793551601	0.387576876399648	153	1003	0.0214255518667721	87.3763411013865	90.0533672938029	17	0.533201226773409	0.770259348655338	23	72.7302111737996	3836000	224
20220531 011139	binary	custom	TRUE	TRUE	FALSE	-100	31	236	TRUE	240007	0.142353883754537	0.781530150099187	6	999	0.0251587264423666	23.2706955915796	79.0218384797505	17	0.108842217754704	0.727041385569945	22	17.0833168227943	8420000	225
20220531 011239	binary	custom	TRUE	TRUE	FALSE	-100	31	714	TRUE	240007	0.22158076021624	0.623483232108847	6001	808	0.031798518050573	0.289876318772068	67.5120608895989	22	0.56992570392423	0.690133200963339	5	61.8602943102401	9005000	226
20220531 011337	binary	custom	TRUE	TRUE	FALSE	-100	31	465	TRUE	240007	0.110447316070865	0.487784896022404	2109	1017	0.0177400948521005	23.2502408721191	86.3153153202796	18	0.79341246328389	0.927655854771254	16	45.5496695218658	2764000	227
20220531 011354	binary	custom	TRUE	TRUE	FALSE	-100	31	5	TRUE	240007	0.0241563157378688	0.349224209473795	1719	391	0.0413565148388734	12.2352699520853	52.2621267945706	22	0.0827527970003084	0.271360253444747	13	34.3196333761036	10694000	228
20220531 011424	binary	custom	TRUE	TRUE	FALSE	-100	31	314	TRUE	240007	0.217244896304417	0.916727431201425	6181	938	0.0383041270951035	27.7018962660143	97.7360827332969	28	0.764492842223582	0.997939939984529	24	69.8691342651611	6507000	229
20220531 011456	binary	custom	TRUE	TRUE	FALSE	-100	31	3	TRUE	240007	0.0103708243922207	0.697794130912492	1248	20	0.0170771604326892	10.7040972315746	53.5421176214282	7	0.320846901163423	0.254837633967734	7	69.4627922658852	7112000	230
20220531 011546	binary	custom	TRUE	TRUE	FALSE	-100	31	609	TRUE	240007	0.223380927013095	0.933576291306929	1814	432	0.0485447250270039	93.6736281957579	28.6566540644755	9	0.831349328928531	0.355016163921566	1	111.793158038277	7204000	231
20220531 011650	binary	custom	TRUE	TRUE	FALSE	-100	31	507	TRUE	240007	0.191978878475041	0.51647656261798	5099	894	0.0310114231331669	7.73583394665759	62.279294044055	5	0.921094837119935	0.963687715232152	5	133.575470762088	7106000	232
20220531 011741	binary	custom	TRUE	TRUE	FALSE	-100	31	687	TRUE	240007	0.121724735202469	0.283763677850247	486	669	0.032347160321208	59.6435949422464	34.293054965629	20	0.0144929977340348	0.461971642336175	23	102.322897052883	6832000	233
20220531 011802	binary	custom	TRUE	TRUE	FALSE	-100	31	9	TRUE	240007	0.0214795302659083	0.564543907535298	2313	98	0.0495110169333663	31.3234663777621	31.5796018115447	19	0.26992708258146	0.264922896218072	5	25.4617983953216	10882000	234
20220531 011833	binary	custom	TRUE	TRUE	FALSE	-100	31	361	TRUE	240007	0.269100120353681	0.779632084306253	3780	851	0.0370736725511418	27.1438369273933	98.3487249225592	28	0.757624846858714	0.934625973569616	21	45.8772356628147	7765000	235
20220531 011910	binary	custom	TRUE	TRUE	FALSE	-100	31	458	TRUE	240007	0.145116199299313	0.785264316030298	574	281	0.0246986416712497	92.993046127581	53.1730546857816	9	0.626110090676459	0.809679797476212	13	234.736776115099	6794000	236
20220531 011933	binary	custom	TRUE	TRUE	FALSE	-100	31	258	TRUE	240007	0.209056777374719	0.653998749408423	1717	83	0.0206175305584535	10.5989672830021	8.54076848165078	18	0.998891162990209	0.449904535853435	9	258.802665872808	5637000	237
20220531 012012	binary	custom	TRUE	TRUE	FALSE	-100	31	401	TRUE	240007	0.255801412961081	0.322933520607183	916	966	0.0186616885486801	13.2687871403965	89.2376335676887	19	0.49001257729851	0.598434113338168	15	109.130842461351	7410000	238
20220531 012040	binary	custom	TRUE	TRUE	FALSE	-100	31	168	TRUE	240007	0.217453672734041	0.837638043867118	507	784	0.0447667951936176	74.5939167371971	77.0412520305294	13	0.339562519444848	0.961916291836391	13	205.127737646177	10037000	239
20220531 012115	binary	custom	TRUE	TRUE	FALSE	-100	31	231	TRUE	240007	0.197479726505498	0.870498845114567	862	519	0.0299259335172378	40.0792217909015	59.9303937922014	27	0.258133206223557	0.970246641909333	17	259.912966460944	7283000	240
20220531 012152	binary	custom	TRUE	TRUE	FALSE	-100	31	311	TRUE	240007	0.244386610218408	0.729976103089653	2009	905	0.040486386882888	76.664282807794	92.7144244021698	13	0.703694724678228	0.990490482864084	5	256.615008655948	8636000	241
20220531 012235	binary	custom	TRUE	TRUE	FALSE	-100	31	427	TRUE	240007	0.22570510171144	0.959663225793516	3985	520	0.0448009092331875	99.0430772029151	86.9379769032297	19	0.582751587610712	0.929074467799131	4	197.465842133619	8668000	242
20220531 012325	binary	custom	TRUE	TRUE	FALSE	-100	31	389	TRUE	240007	0.217430534934471	0.248757560866506	1347	929	0.0435318534351441	13.3413539306208	95.9162900909869	18	0.248415191688389	0.875531306568324	3	140.860405594412	9381000	243
20220531 012355	binary	custom	TRUE	TRUE	FALSE	-100	31	294	TRUE	240007	0.227112605808637	0.817685944986649	1928	473	0.0405030821059431	27.5786230128128	17.5962509994838	6	0.942189109249389	0.330789804874295	1	16.3610679940982	6531000	244
20220531 012412	binary	custom	TRUE	TRUE	FALSE	-100	31	148	TRUE	240007	0.295930248080786	0.991378773960544	1721	565	0.0461161085293861	1.26591611433188	15.5605130491153	8	0.579802512403065	0.379338218539939	5	100.728984227907	5633000	245
20220531 012446	binary	custom	TRUE	TRUE	FALSE	-100	31	226	TRUE	240007	0.153611598900382	0.479012239085691	480	372	0.0400150663972529	13.4564181286388	65.8160096923257	11	0.738702895611148	0.842148664972529	15	13.759535286742	10503000	246
20220531 012532	binary	custom	TRUE	TRUE	FALSE	-100	31	283	TRUE	240007	0.10533234862438	0.992567024550094	1830	696	0.035714065382947	1.37530443443052	18.5736269643457	27	0.490351649653967	0.949408742257685	16	190.535108274288	8803000	247
20220531 012617	binary	custom	TRUE	TRUE	FALSE	-100	31	508	TRUE	240007	0.138311635025209	0.312292906442982	447	126	0.0309225713508905	12.9754010992586	66.8162757255913	7	0.964211562880614	0.56613456998973	19	46.0933441137089	8888000	248
20220531 012634	binary	custom	TRUE	TRUE	FALSE	-100	31	49	TRUE	240007	0.152941721650752	0.448498674872763	287	383	0.0272977874231487	3.47033556565417	73.8303799898776	17	0.519965615254906	0.764500661566431	25	1.8534454743129	13258000	249
20220531 012739	binary	custom	TRUE	TRUE	FALSE	-100	31	449	TRUE	240007	0.149472659647952	0.558240830841581	1134	385	0.0270805934274937	3.77252420774306	61.5556429780327	6	0.213933424124094	0.845477555616165	21	17.4923895693559	10608000	250
20220531 012817	binary	custom	TRUE	TRUE	FALSE	-100	31	322	TRUE	240007	0.13062809607424	0.304832298390617	138	424	0.0285210877882475	3.06122471396145	84.0558356719986	11	0.41358054062263	0.530366819839774	26	274.455674572066	8306000	251
20220531 012911	binary	custom	TRUE	TRUE	FALSE	-100	31	621	TRUE	240007	0.151869052769231	0.202955490558426	2181	102	0.024297130038742	0.109713090460879	71.8582505818069	19	0.550331753918583	0.710987018842876	17	73.4198661821276	8773000	252
20220531 012955	binary	custom	TRUE	TRUE	FALSE	-100	31	573	TRUE	240007	0.217964140474711	0.223026578904954	5120	342	0.0193813593674616	25.6720881229481	41.2218004813272	23	0.76735693870991	0.57410266974369	5	83.915201114916	6100000	253
20220531 013025	binary	custom	TRUE	TRUE	FALSE	-100	31	289	TRUE	240007	0.223460743082864	0.950503061392133	1129	823	0.0492163613396826	63.0864440732464	60.0137502440768	13	0.860008833597524	0.824343042840881	1	167.103264202384	9189000	254
20220531 013037	binary	custom	TRUE	TRUE	FALSE	-100	31	29	TRUE	240007	0.152401027576703	0.789851901965492	75	700	0.0334101881156761	46.1171222972625	86.464293409553	6	0.779818435254006	0.767965635444139	24	1.27393824487533	11496000	255
20220531 013108	binary	custom	TRUE	TRUE	FALSE	-100	31	445	TRUE	240007	0.250264045805105	0.64644140401639	4289	856	0.0302317838759864	3.58731690006619	43.7873375098226	17	0.772037858314154	0.572831710822703	1	14.5922737162008	8825000	256
20220531 013144	binary	custom	TRUE	TRUE	FALSE	-100	31	260	TRUE	240007	0.150348406479901	0.581528265010288	612	370	0.0302137572713618	13.7428311366013	50.0059370962512	8	0.740076112385437	0.750680316109909	12	9.19556683985662	9495000	257
20220531 013218	binary	custom	TRUE	TRUE	FALSE	-100	31	244	TRUE	240007	0.106489569757511	0.729376394658594	880	950	0.041097145256831	7.27910961332818	25.3351512881538	21	0.40112070086659	0.89568201622485	25	29.9119030292813	10374000	258
20220531 013247	binary	custom	TRUE	TRUE	FALSE	-100	31	155	TRUE	240007	0.161180083561853	0.221803842209754	133	528	0.0286740880780159	1.54306801522742	78.713549320225	20	0.809516650825116	0.811555950701575	24	141.214796891548	8741000	259
20220531 013313	binary	custom	TRUE	TRUE	FALSE	-100	31	159	TRUE	240007	0.220222233346013	0.603100379087104	1695	880	0.0458218776836349	5.40490369177261	49.4960495743634	13	0.545636232349268	0.674779895491767	1	68.8594918316858	8237000	260
20220531 013327	binary	custom	TRUE	TRUE	FALSE	-100	31	1	TRUE	240007	0.150827414386909	0.699984089707913	129	455	0.0367541836265006	85.9831672136971	95.3087314664847	22	0.355967446671289	0.805771462977062	30	24.0625158977295	4526000	261
20220531 013404	binary	custom	TRUE	TRUE	FALSE	-100	31	283	TRUE	240007	0.214670845371324	0.674880382342211	729	461	0.0488714549893783	50.4279032319147	68.437244146348	22	0.822208945825748	0.984089329798031	3	113.598433191442	8550000	262
20220531 013437	binary	custom	TRUE	TRUE	FALSE	-100	31	174	TRUE	240007	0.217141920779848	0.693289225190959	2346	1006	0.0418718505648042	75.212694750926	42.3405977000461	24	0.734519015017336	0.958942302152154	2	261.413005265576	6222000	263
20220531 013501	binary	custom	TRUE	TRUE	FALSE	-100	31	125	TRUE	240007	0.236123352798299	0.794004714520052	881	414	0.0481538140497651	89.1069773517308	61.5703390549213	11	0.458553594589773	0.894283539927156	22	178.987425630953	6926000	264
20220531 013531	binary	custom	TRUE	TRUE	FALSE	-100	31	91	TRUE	240007	0.199127575697261	0.692802033589333	35	446	0.0478830233498593	8.55830280123468	73.6755884563643	13	0.884350366467935	0.847839364243243	8	35.9507002332408	8580000	265
20220531 013630	binary	custom	TRUE	TRUE	FALSE	-100	31	550	TRUE	240007	0.247104303340478	0.390892931333765	5300	936	0.0397936155107024	8.71616151347041	94.6329090022363	8	0.0796226188815634	0.802797031443071	8	90.8260550080693	9644000	266
20220531 013708	binary	custom	TRUE	TRUE	FALSE	-100	31	267	TRUE	240007	0.143012551883425	0.649319197214499	1251	254	0.0105199881370762	33.5953671473341	14.646104387841	10	0.397481498618427	0.987887904090288	25	273.644458255917	8040000	267
20220531 013826	binary	custom	TRUE	TRUE	FALSE	-100	31	793	TRUE	240007	0.228947983693237	0.283114390302741	4248	783	0.0430636848370906	48.3148274413939	99.3989414276775	20	0.690743473283898	0.62898892197528	1	158.295433375714	8443000	268
20220531 013912	binary	custom	TRUE	TRUE	FALSE	-100	31	623	TRUE	240007	0.27436555521886	0.898595357136258	5869	656	0.0420174792518611	1.98042184776163	89.0197905544604	4	0.566812215813406	0.579006745931765	25	38.7352006247353	8174000	269
20220531 013953	binary	custom	TRUE	TRUE	FALSE	-100	31	360	TRUE	240007	0.199777986598951	0.30169588182612	4134	860	0.0281536834400207	2.75001872306962	30.7971538681475	23	0.386073359391022	0.835971914139859	25	41.5524285510887	9417000	270
20220531 014023	binary	custom	TRUE	TRUE	FALSE	-100	31	399	TRUE	240007	0.269027498412113	0.943304318370389	4321	521	0.0416563267953839	0.476999244689981	46.2561261745264	29	0.195553869168215	0.514938139459904	10	24.9512674270871	9072000	271
20220531 014051	binary	custom	TRUE	TRUE	FALSE	-100	31	197	TRUE	240007	0.293031537913332	0.274121891049834	5697	877	0.0451884884679541	1.07409817171863	12.8256546923187	23	0.565436366779402	0.903773480900027	21	37.5219802858213	9126000	272
20220531 014140	binary	custom	TRUE	TRUE	FALSE	-100	31	326	TRUE	240007	0.251359723549996	0.434922227172841	4794	957	0.0424329135818008	0.108953796595027	84.3502838101537	25	0.389327145388265	0.99906441845056	6	45.5645915984314	8667000	273
20220531 014151	binary	custom	TRUE	TRUE	FALSE	-100	31	23	TRUE	240007	0.163100975354145	0.774116572087082	491	572	0.0214044129524131	26.5326442578478	55.7019046934765	15	0.569515112204352	0.745644679676416	26	1.46767985500164	12404000	274
20220531 014235	binary	custom	TRUE	TRUE	FALSE	-100	31	295	TRUE	240007	0.163406552710613	0.532595988534578	24	235	0.0102376408736275	19.4050628533577	70.4269945907009	15	0.431971718325705	0.743410241342514	29	67.0683204160388	5068000	275
20220531 014325	binary	custom	TRUE	TRUE	FALSE	-100	31	860	TRUE	240007	0.124906452491153	0.329092792678755	3523	235	0.0319020314391602	22.7439108144835	25.55090089492	3	0.441030875370056	0.433048608909687	21	196.09308138283	-958000	276
20220531 014341	binary	custom	TRUE	TRUE	FALSE	-100	31	1	TRUE	240007	0.133039574939216	0.540488526773231	64	622	0.0282939340346923	71.7075324427668	59.1039356515057	10	0.735978032062931	0.551753543113751	10	20.0708591937627	6051000	277
20220531 014356	binary	custom	TRUE	TRUE	FALSE	-100	31	39	TRUE	240007	0.269455182047518	0.270793063918116	6422	888	0.041298887276158	7.14972144005059	30.2577184888585	23	0.537603190536217	0.766436132893694	24	6.15979137226425	9441000	278
20220531 014426	binary	custom	TRUE	TRUE	FALSE	-100	31	150	TRUE	240007	0.15554641075403	0.327955056375696	72	756	0.0359417816320524	3.68697009231049	92.7161115384196	30	0.571813132733092	0.748580673399054	7	6.10360167128034	10982000	279
20220531 014552	binary	custom	TRUE	TRUE	FALSE	-100	31	958	TRUE	240007	0.123585124818245	0.22099244786317	38	789	0.0394724063908142	25.5421540574535	74.1014080595832	24	0.559371950882453	0.519267729780622	1	131.877916234219	8264000	280
20220531 014648	binary	custom	TRUE	TRUE	FALSE	-100	31	362	TRUE	240007	0.158546508073174	0.470360781544944	3924	757	0.0438742647135518	0.0425796528243665	67.0442386605691	18	0.84537667735281	0.888849525390697	10	14.0144023504583	10119000	281
20220531 014735	binary	custom	TRUE	TRUE	FALSE	-100	31	556	TRUE	240007	0.277340381382144	0.58961642327457	4063	927	0.0395784446390593	0.0750608671348298	83.5890753542212	19	0.437526513410208	0.470044484447775	4	194.210300520509	8443000	282
20220531 014821	binary	custom	TRUE	TRUE	FALSE	-100	31	374	TRUE	240007	0.221624541737121	0.420841024288522	4066	864	0.0271307489017315	1.45209736931729	76.9175679639569	19	0.138254598553348	0.760895783364602	8	190.407966622899	8619000	283
20220531 014832	binary	custom	TRUE	TRUE	FALSE	-100	31	20	TRUE	240007	0.272162037503582	0.912228712151486	2028	792	0.0499872180609139	45.6196020261233	76.7925218657282	22	0.7253011536	0.463454067398183	6	1.76834276529024	10412000	284
20220531 014852	binary	custom	TRUE	TRUE	FALSE	-100	31	180	TRUE	240007	0.28240001810504	0.755275922881296	1265	497	0.0467288000700739	18.3500766331631	93.8917074244791	27	0.477044319967381	0.452148389307637	18	24.5111432084168	8727000	285
20220531 014939	binary	custom	TRUE	TRUE	FALSE	-100	31	465	TRUE	240007	0.147507296662614	0.4131448434627	1650	666	0.0223817193179311	1.26139332820233	51.3779891043194	17	0.00653760315555684	0.535600999709946	7	225.600306691963	8852000	286
20220531 015016	binary	custom	TRUE	TRUE	FALSE	-100	31	530	TRUE	240007	0.253908185381413	0.754644175231515	4348	626	0.0499781906849748	13.256295307495	92.927054632794	26	0.656222300172018	0.559741409968134	14	189.548036394938	8156000	287
20220531 015131	binary	custom	TRUE	TRUE	FALSE	-100	31	768	TRUE	240007	0.103379996739332	0.611667884975579	5517	922	0.0290937737150279	37.1727258322578	4.66501219395028	18	0.138880837331126	0.970811778016518	30	246.927722389538	7660000	288
20220531 015206	binary	custom	TRUE	TRUE	FALSE	-100	31	262	TRUE	240007	0.260222777193138	0.578041397450224	589	932	0.0494781604355501	69.8488233970948	44.2796685678414	29	0.503930725315449	0.412791272710267	1	68.5841179369399	6512000	289
20220531 015251	binary	custom	TRUE	TRUE	FALSE	-100	31	364	TRUE	240007	0.227001455163574	0.288538907882654	3970	318	0.0436370041702492	75.1263309695054	94.8424252855149	14	0.00890005137944388	0.999449577586455	12	161.267764980333	7785000	290
20220531 015303	binary	custom	TRUE	TRUE	FALSE	-100	31	1	TRUE	240007	0.236013624779238	0.630046445910583	6673	617	0.0478043989031004	24.2778077325501	93.6614354851043	21	0.954077798752611	0.78502464953665	11	26.1760342131473	95000	291
20220531 015346	binary	custom	TRUE	TRUE	FALSE	-100	31	312	TRUE	240007	0.294487608675158	0.309597685297339	4564	822	0.0411771384604051	60.3909749905187	90.6043265435607	11	0.623808688743106	0.978655113868982	25	217.091288043484	7094000	292
20220531 015438	binary	custom	TRUE	TRUE	FALSE	-100	31	440	TRUE	240007	0.170117916878912	0.801334237158998	3342	264	0.0450508720888108	0.280183616676052	34.1924004983867	22	0.371377244714113	0.927995059911382	5	276.924434137411	8742000	293
20220531 015525	binary	custom	TRUE	TRUE	FALSE	-100	31	445	TRUE	240007	0.206619699614914	0.995058383466728	2049	262	0.0444972318184301	49.6406877490111	93.5476014828631	6	0.443792977003128	0.902732301014762	4	248.343648231858	9140000	294
20220531 015558	binary	custom	TRUE	TRUE	FALSE	-100	31	256	TRUE	240007	0.221398882573869	0.963949182813674	171	628	0.0377570520824646	41.8224387766207	93.6478856405082	9	0.598509116097076	0.733875617197767	5	224.905017117826	9458000	295
20220531 015655	binary	custom	TRUE	TRUE	FALSE	-100	31	334	TRUE	240007	0.0594444727608595	0.385777209399958	1328	435	0.0345154911891037	73.8373684249679	3.4263147321997	30	0.8296948120845	0.999926223490587	13	255.191865409402	1168000	296
20220531 015732	binary	custom	TRUE	TRUE	FALSE	-100	31	273	TRUE	240007	0.164598580501426	0.754202293566785	1177	951	0.0336872399425984	0.589402504933871	69.492745084667	10	0.742560461257414	0.859636672796518	16	32.3785120131474	10464000	297
20220531 015837	binary	custom	TRUE	TRUE	FALSE	-100	31	553	TRUE	240007	0.135247008723564	0.620918431746343	3351	308	0.0385183085122293	0.971836829681761	72.6829582279286	15	0.221897413537018	0.906165318590577	6	219.046797576722	9470000	298
20220531 015914	binary	custom	TRUE	TRUE	FALSE	-100	31	359	TRUE	240007	0.283879083354244	0.971118311764283	579	268	0.0499700800751812	70.5292053778545	77.1581392960462	19	0.624653429609294	0.294024628943784	1	114.595298022135	8824000	299
20220531 015951	binary	custom	TRUE	TRUE	FALSE	-100	31	468	TRUE	240007	0.266366840081987	0.984161070075131	1625	399	0.046724949820869	91.940745307756	99.8942144354892	28	0.667333446551481	0.472965615316614	5	176.321424480757	8093000	300
20220531 020016	binary	custom	TRUE	TRUE	FALSE	-100	31	348	TRUE	240007	0.297148663738933	0.911783733807557	3637	802	0.0464618519484228	65.5188611524555	88.2440972303033	26	0.672163726798629	0.447612939647559	14	57.6856113415872	6310000	301
20220531 020055	binary	custom	TRUE	TRUE	FALSE	-100	31	311	TRUE	240007	0.221476850107699	0.418814543623441	1632	821	0.0337383668906835	37.569492158	74.5276369111842	16	0.669396829610855	0.700024846198707	28	160.445720209323	8908000	302
20220531 020129	binary	custom	TRUE	TRUE	FALSE	-100	31	484	TRUE	240007	0.278578997341114	0.996539288334668	1425	538	0.0497639310900501	39.7306324469514	73.2456425537222	4	0.292104212942576	0.459241477412718	3	214.31233849324	7852000	303
20220531 020218	binary	custom	TRUE	TRUE	FALSE	-100	31	452	TRUE	240007	0.23769011021656	0.873866410336601	46	653	0.0420406575972925	49.213872588308	97.5086140057585	6	0.361491721524669	0.894115618514429	3	233.220949556804	9531000	304
20220531 020236	binary	custom	TRUE	TRUE	FALSE	-100	31	1	TRUE	240007	0.127886313968449	0.969567207080978	2066	778	0.0305658261058901	4.26415900988747	66.0131974587522	9	0.415089329994276	0.884363473527675	11	21.1014831438384	3197000	305
20220531 020332	binary	custom	TRUE	TRUE	FALSE	-100	31	363	TRUE	240007	0.137737658815357	0.495565343084914	3546	932	0.0407132166696437	3.80772669764224	41.2683830796748	30	0.80147762951403	0.963676021045974	29	195.467136258527	8803000	306
20220531 020433	binary	custom	TRUE	TRUE	FALSE	-100	31	410	TRUE	240007	0.147397064305739	0.473064694878191	4364	206	0.0449321736834842	6.76546556477173	45.7176598834482	15	0.120722091715456	0.979185414326251	16	213.598029342345	8850000	307
20220531 020448	binary	custom	TRUE	TRUE	FALSE	-100	31	29	TRUE	240007	0.144151217756311	0.362466772107821	2928	157	0.0379460105842131	41.1197590622129	6.52610554368468	23	0.0225689554537743	0.751466867771116	26	1.49585583435003	10699000	308
20220531 020541	binary	custom	TRUE	TRUE	FALSE	-100	31	597	TRUE	240007	0.193795622315242	0.924187050268737	4584	725	0.0229834083050876	50.3074260384629	2.57127731535572	15	0.0434705097911127	0.869001888911414	22	222.284371549107	7894000	309
20220531 020625	binary	custom	TRUE	TRUE	FALSE	-100	31	561	TRUE	240007	0.255496513441213	0.997345527958965	2617	546	0.0283989720729129	30.6714311676103	76.9502170244553	30	0.448333389049448	0.614445856630282	7	123.709730497801	8868000	310
20220531 020715	binary	custom	TRUE	TRUE	FALSE	-100	31	273	TRUE	240007	0.146235783828009	0.304887833167467	3878	140	0.0353466520300826	2.22099223545986	8.93141414538001	26	0.215848050477829	0.907822858520282	4	260.512197248446	6512000	311
20220531 020729	binary	custom	TRUE	TRUE	FALSE	-100	31	30	TRUE	240007	0.169803190866044	0.639905606219329	4199	686	0.0375851934854924	19.0784536754784	3.9372584462013	25	0.966132533671998	0.977230628186448	20	0.716180185384367	3437000	312
20220531 020840	binary	custom	TRUE	TRUE	FALSE	-100	31	612	TRUE	240007	0.105766898511588	0.860822060177508	1064	1024	0.0262929049884623	9.75808405949634	76.8432835005972	14	0.0196857389610208	0.891987522543777	26	36.5747020243393	10520000	313
20220531 020910	binary	custom	TRUE	TRUE	FALSE	-100	31	128	TRUE	240007	0.126816390758726	0.74141985015792	51	257	0.0463061527784512	73.8328923229436	8.56425374918951	28	0.286666207949892	0.724150110755683	21	144.393382880262	4649000	314
20220531 020948	binary	custom	TRUE	TRUE	FALSE	-100	31	298	TRUE	240007	0.153690628292252	0.83085482867211	3228	321	0.0479198171476045	0.0138408664393896	88.6271415903354	15	0.282893210031118	0.879608941050084	21	226.124134837873	8995000	315
20220531 021046	binary	custom	TRUE	TRUE	FALSE	-100	31	615	TRUE	240007	0.210253461895387	0.772885544950991	3631	474	0.0418057964340784	72.9544195916748	76.8922596535462	9	0.903376530544193	0.993720959593525	30	285.097377364665	8268000	316
20220531 021133	binary	custom	TRUE	TRUE	FALSE	-100	31	470	TRUE	240007	0.265316400034243	0.201758472700671	3991	831	0.0395635063471003	59.612313758691	85.7356498899822	9	0.882026887265358	0.971793131595436	1	133.044757349644	6875000	317
20220531 021214	binary	custom	TRUE	TRUE	FALSE	-100	31	352	TRUE	240007	0.242153031695349	0.935792732594533	2079	440	0.0490894164433706	62.1914611531433	79.0349611585874	9	0.500583069036906	0.60457384589607	2	278.004242011257	7932000	318
20220531 021308	binary	custom	TRUE	TRUE	FALSE	-100	31	382	TRUE	240007	0.193324496098258	0.423465023254095	3641	256	0.0410974441794436	0.471627009387821	66.0960279591803	14	0.333774175894273	0.903481186975154	18	260.704174329348	8278000	319
20220531 021435	binary	custom	TRUE	TRUE	FALSE	-100	31	1269	TRUE	240007	0.204329969826844	0.409016792994067	4310	501	0.0237813787659419	97.9172221375437	85.0432582190424	24	0.992890778873779	0.468394538490307	4	229.091282031252	6275000	320
20220531 021557	binary	custom	TRUE	TRUE	FALSE	-100	31	1615	TRUE	240007	0.156282142366162	0.257916032443161	3160	436	0.0194983933993607	68.4522801176932	80.7783795255376	18	0.964821864087362	0.286282504565219	3	268.361622566303	1659000	321
20220531 021638	binary	custom	TRUE	TRUE	FALSE	-100	31	367	TRUE	240007	0.298886361406083	0.221274233495898	4236	773	0.0227201427972925	0.48024189700978	57.1350398143682	15	0.477650261338299	0.79905013191137	25	27.6033098582777	9719000	322
20220531 021700	binary	custom	TRUE	TRUE	FALSE	-100	31	1	TRUE	240007	0.298123859984871	0.208780287629784	5068	757	0.0225296216053147	18.4793144536788	91.0439110128824	15	0.62159676768383	0.995965430153879	26	12.3977954483229	-410000	323
20220531 021722	binary	custom	TRUE	TRUE	FALSE	-100	31	65	TRUE	240007	0.289157137072445	0.692652269842753	232	767	0.0499569992159485	29.788328548944	30.148729293092	9	0.936546721317929	0.975476872094366	19	225.739946501482	6682000	324
20220531 021740	binary	custom	TRUE	TRUE	FALSE	-100	31	61	TRUE	240007	0.286760257829054	0.402007191458482	5227	842	0.0277788308857706	0.330716060514835	69.1147907451045	20	0.0408787131391911	0.677792730674697	16	0.833956911134408	11232000	325
20220531 021803	binary	custom	TRUE	TRUE	FALSE	-100	31	133	TRUE	240007	0.258463993377167	0.20163877944279	4410	834	0.0308866908614846	1.73674037337036	68.3857481587824	20	0.165479864919818	0.708873808753556	13	4.16849279434975	10702000	326
20220531 021857	binary	custom	TRUE	TRUE	FALSE	-100	31	560	TRUE	240007	0.298233705855578	0.354789090483628	6303	859	0.0323503860005112	0.0524024197153864	75.607106439436	12	0.293693726485468	0.730795644044659	11	38.8332051855307	9291000	327
20220531 021913	binary	custom	TRUE	TRUE	FALSE	-100	31	6	TRUE	240007	0.281957872876194	0.319256917388564	4247	797	0.0166863142329627	1.62302534482701	90.7459593030647	20	0.392492185956435	0.685206083478084	4	16.2553879435312	-5204000	328
20220531 021948	binary	custom	TRUE	TRUE	FALSE	-100	31	319	TRUE	240007	0.29437596092081	0.602306409401083	5757	930	0.0329968065678368	18.8518469649422	61.301549084965	6	0.0571202043269207	0.655596337892028	29	56.5994054546822	7765000	329
20220531 022021	binary	custom	TRUE	TRUE	FALSE	-100	31	177	TRUE	240007	0.293471939609172	0.535343921117163	2661	918	0.0322243513366072	0.072674484367406	44.7448717345388	25	0.515574042776117	0.766094254390719	26	65.3867685447655	8791000	330
20220531 022035	binary	custom	TRUE	TRUE	FALSE	-100	31	1	TRUE	240007	0.289122771083275	0.224873069840233	5612	1019	0.0309913003861127	28.7228347125706	36.7918274699771	18	0.565396219357537	0.810622321640097	22	0.306732253719462	0	331
20220531 022112	binary	custom	TRUE	TRUE	FALSE	-100	31	333	TRUE	240007	0.299608267151925	0.417772294610008	5647	554	0.0399332315774739	0.588184326196706	15.971845156481	24	0.207490364732152	0.675125069515801	22	32.8712407570036	7870000	332
20220531 022156	binary	custom	TRUE	TRUE	FALSE	-100	31	441	TRUE	240007	0.264401837414286	0.386994359390537	3801	762	0.0297231875175353	2.15949387720973	30.8280938789908	23	0.21282048017011	0.613537495304539	24	10.0622017428495	9586000	333
20220531 022220	binary	custom	TRUE	TRUE	FALSE	-100	31	5	TRUE	240007	0.0272225058625373	0.262590363138436	499	351	0.0495303829843524	34.1138615065401	76.73797788104	17	0.121954526068045	0.299623562348713	8	42.2803223024455	9372000	334
20220531 022320	binary	custom	TRUE	TRUE	FALSE	-100	31	705	TRUE	240007	0.129386365506136	0.231185756667633	818	414	0.0489784500969305	39.4864335847083	19.5046008643591	13	0.22952059866837	0.31103130821564	1	217.07313725797	8490000	335
20220531 022357	binary	custom	TRUE	TRUE	FALSE	-100	31	512	TRUE	240007	0.019797474106633	0.497621625545016	1520	461	0.0469965833435099	59.4278520986822	74.874912537043	17	0.095873171674342	0.207354410294998	6	3.13604850234114	11960000	336
20220531 022411	binary	custom	TRUE	TRUE	FALSE	-100	31	18	TRUE	240007	0.150482375298442	0.833431788024991	814	461	0.0215080493203925	55.1702653607092	61.7971311747344	14	0.879991307788131	0.755936285091956	26	1.01153701656152	10712000	337
20220531 022440	binary	custom	TRUE	TRUE	FALSE	-100	31	303	TRUE	240007	0.0260874971879364	0.548920674853178	582	647	0.0464782092009575	32.1412458058736	45.7596717491916	30	0.439515819685368	0.278775268401267	5	1.67162130569417	10872000	338
20220531 022514	binary	custom	TRUE	TRUE	FALSE	-100	31	16	TRUE	240007	0.0102040535509754	0.213710752080366	2630	622	0.0462107770754357	7.83121327044142	44.876809074302	22	0.144551560127526	0.26598123795999	3	45.4894301993477	11020000	339
20220531 022552	binary	custom	TRUE	TRUE	FALSE	-100	31	10	TRUE	240007	0.0100980083679291	0.552580174227967	685	575	0.0467070772088764	1.59945268738763	61.1889706248615	23	0.375941916774952	0.253780629110698	7	68.8281026035085	11517000	340
20220531 022638	binary	custom	TRUE	TRUE	FALSE	-100	31	391	TRUE	240007	0.299881880583313	0.835329444786451	3884	621	0.0440163651510965	0.00204012505133727	68.6255309212783	21	0.102134923430801	0.921621488849039	10	171.395038491539	8593000	341
20220531 022704	binary	custom	TRUE	TRUE	FALSE	-100	31	1	TRUE	240007	0.0125306667121579	0.541965785642222	3087	354	0.046663973673952	93.7108674594346	38.6443899241432	9	0.0387203773464843	0.249272693599296	27	1.12395172035821	0	342
20220531 022738	binary	custom	TRUE	TRUE	FALSE	-100	31	128	TRUE	240007	0.207154953030405	0.785069849000875	32	838	0.0398672909503991	45.8705002262566	76.258565975038	9	0.680681171370288	0.901810535242458	21	131.282569109649	8543000	343
20220531 022827	binary	custom	TRUE	TRUE	FALSE	-100	31	510	TRUE	240007	0.246713104002532	0.599952944524593	5222	800	0.0347643088811061	14.6868385302849	12.5924359526251	23	0.105233181509218	0.574841715096583	3	195.458021567554	6540000	344
20220531 022912	binary	custom	TRUE	TRUE	FALSE	-100	31	391	TRUE	240007	0.256283269918256	0.989446962579797	4010	641	0.0422423171075846	73.6089840073236	78.0362549220302	14	0.139671617085546	0.991947267856633	21	207.875875264988	8221000	345
20220531 022950	binary	custom	TRUE	TRUE	FALSE	-100	31	394	TRUE	240007	0.299236793792202	0.882747691308095	3856	669	0.0267902078175173	0.0880147446885185	49.9103280204522	9	0.0434194275881507	0.699727716719472	21	279.238242595776	6992000	346
20220531 023004	binary	custom	TRUE	TRUE	FALSE	-100	31	2	TRUE	240007	0.147873311708871	0.950868984601612	1308	802	0.0130657012239431	77.0953874633435	32.3437309528439	2	0.987889607346825	0.951206515387083	27	232.000731382078	-39320000	347
20220531 023055	binary	custom	TRUE	TRUE	FALSE	-100	31	439	TRUE	240007	0.143583076787679	0.61891309960759	3042	90	0.0176084739252119	24.9463528628821	10.5349309217368	12	0.252561793009726	0.887075633542817	20	253.614602158246	7727000	348
20220531 023111	binary	custom	TRUE	TRUE	FALSE	-100	31	2	TRUE	240007	0.105548134432042	0.588812933231415	2162	686	0.0265485566597065	67.6454844082825	6.99229882085643	22	0.112843981282789	0.871240694880499	11	6.88971150975192	10401000	349
20220531 023127	binary	custom	TRUE	TRUE	FALSE	-100	31	59	TRUE	240007	0.166454216095445	0.383600694029953	818	844	0.0330007047029095	18.0813076962688	72.4847946627649	12	0.477853648564209	0.753343000084729	26	0.745631255293516	8416000	350
