fecha	objective	metric	first_metric_only	boost_from_average	feature_pre_filter	verbosity	max_bin	num_iterations	force_row_wise	seed	learning_rate	feature_fraction	min_data_in_leaf	num_leaves	prob_corte	lambda_l1	lambda_l2	max_depth	min_gain_to_split	bagging_fraction	bagging_freq	scale_pos_weight	ganancia	iteracion
20220530 033452	binary	custom	TRUE	TRUE	FALSE	-100	31	279	TRUE	240007	0.239832176453444	0.31096420174775	715	762	0.0183755777570898	27.0095831011228	26.3125500413783	13	0.663781011515918	0.662371019483544	10	59.5297740422877	7188000	1
20220530 033601	binary	custom	TRUE	TRUE	FALSE	-100	31	1381	TRUE	240007	0.134943293902761	0.657435648655519	2759	347	0.0203874746345617	66.4491825426618	62.5642221057205	14	0.327541208748395	0.412204494408797	12	109.407094737163	4581000	2
20220530 033607	binary	custom	TRUE	TRUE	FALSE	-100	31	1	TRUE	240007	0.115120546918188	0.69813984950694	5871	650	0.0152643108404138	40.5738575015372	81.8983024500388	17	0.563030824409604	0.513969095220091	7	96.8225680326738	-33465000	3
20220530 033656	binary	custom	TRUE	TRUE	FALSE	-100	31	1070	TRUE	240007	0.148998640864884	0.496715497400146	5764	711	0.0268849155631566	8.91804925680238	37.5169857861086	11	0.237382672125629	0.298788029807232	17	67.6169648921257	-5320000	4
20220530 033700	binary	custom	TRUE	TRUE	FALSE	-100	31	20	TRUE	240007	0.16835169864833	0.366783579306987	4524	437	0.0220137044045663	81.0250132034222	28.7825095952333	12	0.756058931845473	0.0824786984837071	21	183.042826749279	-32735000	5
20220530 033712	binary	custom	TRUE	TRUE	FALSE	-100	31	360	TRUE	240007	0.092543737590507	0.846473641464642	3986	434	0.0491340233981545	55.4049713934849	55.5941993710197	24	0.452566112270385	0.160323792078998	20	197.417874709916	-21690000	6
20220530 033820	binary	custom	TRUE	TRUE	FALSE	-100	31	1095	TRUE	240007	0.125257045971618	0.888598869178289	5082	394	0.0227805420647605	32.7900116603511	34.7356035354702	22	0.523390844765042	0.64112788514952	5	149.033014529205	7743000	7
20220530 033826	binary	custom	TRUE	TRUE	FALSE	-100	31	1	TRUE	240007	0.214369663206453	0.322534706556083	3269	905	0.038247772684392	99.6200534364713	46.1628901253183	13	0.280821172360447	0.474120209726	17	26.3529270312648	-91000	8
20220530 033830	binary	custom	TRUE	TRUE	FALSE	-100	31	1	TRUE	240007	0.119507724836779	0.862431574993146	6479	986	0.0349770384795799	20.9146025328664	85.7304566442811	11	0.481521581707057	0.0414118580132102	3	264.75643595235	0	9
20220530 033852	binary	custom	TRUE	TRUE	FALSE	-100	31	160	TRUE	240007	0.148434714506535	0.67384598198114	1407	555	0.0375107054144286	62.1646055122255	6.57859787606867	25	0.476568250252361	0.846877204428893	20	156.98945869816	6785000	10
20220530 033908	binary	custom	TRUE	TRUE	FALSE	-100	31	1	TRUE	240007	0.0459308400377146	0.528801680216566	2930	893	0.0341429735798657	45.6143854050121	72.1786305094914	26	0.8167860218576	0.695379670132146	11	114.964283549478	-1377000	11
20220530 033916	binary	custom	TRUE	TRUE	FALSE	-100	31	95	TRUE	240007	0.286365298410625	0.570133823501722	445	246	0.0404179465447669	97.264672331706	24.7726605981976	17	0.370731281043845	0.140677878206285	19	131.882716522698	3545000	12
20220530 033930	binary	custom	TRUE	TRUE	FALSE	-100	31	145	TRUE	240007	0.256401266434502	0.44455041543891	6583	288	0.02745759905552	23.8679183870166	70.0002674910744	26	0.78804652543234	0.551558907725848	15	7.11742825514569	5039000	13
20220530 033953	binary	custom	TRUE	TRUE	FALSE	-100	31	337	TRUE	240007	0.2036558847108	0.929523954858693	6100	535	0.0156623451481007	71.5718802413903	52.9001827497268	27	0.166829576221062	0.8598223048272	23	47.5326671363731	-4234000	14
20220530 034030	binary	custom	TRUE	TRUE	FALSE	-100	31	486	TRUE	240007	0.276974818158342	0.593188654844804	5579	485	0.0420593124107755	69.4605177573976	43.3323619377916	7	0.037963591220129	0.60315806833872	6	189.88247778798	6015000	15
20220530 034054	binary	custom	TRUE	TRUE	FALSE	-100	31	146	TRUE	240007	0.191583842055552	0.476863860986972	1208	476	0.0253257589778109	29.3280798374326	16.8342382346358	17	0.414798298666331	0.569810403530331	1	234.188419798307	6906000	16
20220530 034140	binary	custom	TRUE	TRUE	FALSE	-100	31	511	TRUE	240007	0.264027399931268	0.563477235733687	3045	708	0.0207584910134352	66.7189333849819	94.5543284004088	16	0.056450254933831	0.672669445916351	25	252.017161874607	7403000	17
20220530 034150	binary	custom	TRUE	TRUE	FALSE	-100	31	1	TRUE	240007	0.0328350027837829	0.814244261298639	7563	851	0.0314465322279931	75.8860117799486	78.4030056024979	20	0.434629112729453	0.526662955725139	16	174.06406610048	-10144000	18
20220530 034256	binary	custom	TRUE	TRUE	FALSE	-100	31	675	TRUE	240007	0.112408493330537	0.420109982621701	3757	775	0.0330745604366611	15.5693464762104	6.18038246563325	4	0.312051212657631	0.97297876944746	29	290.167327154708	5356000	19
20220530 034304	binary	custom	TRUE	TRUE	FALSE	-100	31	1	TRUE	240007	0.0258530316659017	0.644196704363761	4256	615	0.0122883280294951	36.1645403172588	67.2161445011928	26	0.210767965725002	0.203920072759502	26	77.3695853434939	-14837000	20
20220530 034329	binary	custom	TRUE	TRUE	FALSE	-100	31	559	TRUE	240007	0.250586361190556	0.867144448445955	2507	356	0.0308314991609627	83.2348958889876	84.0102903777733	20	0.986387712386204	0.290948834493368	9	278.769866351071	4301000	21
20220530 034444	binary	custom	TRUE	TRUE	FALSE	-100	31	1260	TRUE	240007	0.166583429499005	0.40233141524562	7136	797	0.0127338920173416	18.3828426534698	2.14123289236644	8	0.947538051337081	0.440121127821233	30	206.608762837948	3184000	22
20220530 034530	binary	custom	TRUE	TRUE	FALSE	-100	31	510	TRUE	240007	0.238548096054389	0.335340652009472	6680	858	0.0285245340693412	42.986326929046	19.4732872318127	10	0.671884886837991	0.802555843285518	8	53.34899796377	7791000	23
20220530 034625	binary	custom	TRUE	TRUE	FALSE	-100	31	315	TRUE	240007	0.159583649157867	0.534589213241513	2270	303	0.0437955893411628	12.9299088885697	60.4791339481987	29	0.110359990828632	0.881955073496404	13	220.036374070675	7581000	24
20220530 034647	binary	custom	TRUE	TRUE	FALSE	-100	31	6	TRUE	240007	0.0114115756329556	0.602364465058781	5251	222	0.0455937626701699	6.71631713533619	75.432703117743	5	0.504379196010026	0.241819139225602	2	153.223093798644	10129000	25
20220530 034828	binary	custom	TRUE	TRUE	FALSE	-100	31	1437	TRUE	240007	0.051039662433371	0.825887462714066	1161	74	0.0391841343847369	91.9918496307218	31.4964516224184	8	0.00684922417470564	0.743156538087836	14	217.226783564902	6510000	26
20220530 034833	binary	custom	TRUE	TRUE	FALSE	-100	31	12	TRUE	240007	0.0972645410068799	0.283468319064317	4156	680	0.048766746163407	77.2916471052061	64.918340430692	5	0.799922706569002	0.251629593020577	16	206.182313531091	-29479000	27
20220530 034838	binary	custom	TRUE	TRUE	FALSE	-100	31	1	TRUE	240007	0.0669478593571694	0.752609232370742	332	639	0.0241348208004234	56.9984165713928	10.0282226820127	3	0.613075027669159	0.0172388906551835	27	226.242570857427	-9493000	28
20220530 034842	binary	custom	TRUE	TRUE	FALSE	-100	31	1	TRUE	240007	0.085611286326069	0.793927679331197	6943	248	0.0105839058527231	86.7724744404162	22.1014085099644	15	0.692510215002888	0.087590833286716	4	40.0807288056791	0	29
20220530 034914	binary	custom	TRUE	TRUE	FALSE	-100	31	318	TRUE	240007	0.190193780595679	0.26347685836566	646	168	0.0481652378517336	89.6747565158876	39.6772620025634	19	0.594277164816352	0.953632026881678	1	83.0505590512533	6059000	30
20220530 034925	binary	custom	TRUE	TRUE	FALSE	-100	31	3	TRUE	240007	0.0762748115577657	0.395742407285919	7682	499	0.0260484118158072	59.3981830529325	36.7879939512932	24	0.873758474166001	0.819293728049767	30	140.963646823987	-32996000	31
20220530 034950	binary	custom	TRUE	TRUE	FALSE	-100	31	701	TRUE	240007	0.296591223163074	0.954367030481808	7278	579	0.0300250526410916	51.3701414121897	91.9863238668768	10	0.741582199717717	0.340930995191836	27	127.039819302599	1387000	32
20220530 035002	binary	custom	TRUE	TRUE	FALSE	-100	31	1	TRUE	240007	0.0795567990536801	0.357418545188072	3485	161	0.01646411973557	11.9680600148664	43.9254791960896	9	0.340868416271405	0.924075701075102	9	31.8136018430671	-6118000	33
20220530 035007	binary	custom	TRUE	TRUE	FALSE	-100	31	24	TRUE	240007	0.25945689986683	0.231345328083262	4429	321	0.00989841309973498	47.1851749913185	51.4175801537931	14	0.195254340370108	0.107596047222614	12	100.99027997431	-24806000	34
20220530 035012	binary	custom	TRUE	TRUE	FALSE	-100	31	1	TRUE	240007	0.226995835226359	0.902376107044984	2007	932	0.0368768264679804	38.7052671872273	59.9398724725082	8	0.264440113469997	0.380343232153488	8	21.283645428536	322000	35
20220530 035033	binary	custom	TRUE	TRUE	FALSE	-100	31	216	TRUE	240007	0.228794814351956	0.456717178039253	906	835	0.0462061406218305	53.9320190771832	10.8813192797243	22	0.930037410313768	0.43500260777364	27	244.053922199406	6688000	36
20220530 035158	binary	custom	TRUE	TRUE	FALSE	-100	31	1692	TRUE	240007	0.102022197959013	0.723056340892799	1603	114	0.0188187655924089	18.9268513121836	87.6488732921037	4	0.719985493657684	0.759872824472647	24	286.881480724372	7336000	37
20220530 035305	binary	custom	TRUE	TRUE	FALSE	-100	31	809	TRUE	240007	0.178515768466023	0.989631082129199	6260	377	0.0109717909305699	29.1399783988406	97.2238648367541	27	0.37544725103362	0.987818341517899	5	238.304052865488	7663000	38
20220530 035324	binary	custom	TRUE	TRUE	FALSE	-100	31	213	TRUE	240007	0.288869248502597	0.94485582819519	2399	97	0.0140897792501669	84.3134650038943	16.4704442810034	19	0.877510191130568	0.718704299550154	22	89.6511393485162	5627000	39
20220530 035335	binary	custom	TRUE	TRUE	FALSE	-100	31	1	TRUE	240007	0.0546958651917036	0.508264397523211	50	600	0.0325182825455462	95.5301117268391	89.9968750333452	29	0.558302455800003	0.316738624023856	18	71.5559924957351	-4687000	40
20220530 035342	binary	custom	TRUE	TRUE	FALSE	-100	31	1	TRUE	240007	0.0358590571391202	0.735488986421842	4996	196	0.0083847853666359	73.1548958113611	80.3201207532159	2	0.150772986011968	0.225468503209413	23	122.979333965752	-43329000	41
20220530 035510	binary	custom	TRUE	TRUE	FALSE	-100	31	1264	TRUE	240007	0.201931564353775	0.242085390336191	7849	38	0.0404622516817957	33.6343363887863	13.9426259581038	30	0.640471806599332	0.619766032429955	3	259.666845942961	7446000	42
20220530 035535	binary	custom	TRUE	TRUE	FALSE	-100	31	204	TRUE	240007	0.272817733880123	0.279718764231075	1855	747	0.0443415435144642	3.981284526526	73.8257766560613	6	0.142836565568966	0.89801654300148	24	179.213384233163	9084000	43
20220530 035554	binary	custom	TRUE	TRUE	FALSE	-100	31	16	TRUE	240007	0.0167670290266202	0.214297263137996	1711	972	0.0426966727355951	0.449053075377985	30.1991053464008	18	0.973714113608973	0.363879399834938	13	17.5766145501114	11404000	44
20220530 035558	binary	custom	TRUE	TRUE	FALSE	-100	31	2	TRUE	240007	0.181623373948629	0.98302049121509	4784	24	0.023382115287475	4.42919800892317	48.2504339427881	29	0.839166834756422	0.167267637957896	28	269.9021187478	-29028000	45
20220530 035602	binary	custom	TRUE	TRUE	FALSE	-100	31	1	TRUE	240007	0.221134195445726	0.62819382804834	5371	958	0.0357022996982576	87.7554626776449	1.61536014105271	23	0.0631430641903232	0.0606368640631748	14	166.210221146598	0	46
20220530 035607	binary	custom	TRUE	TRUE	FALSE	-100	31	2	TRUE	240007	0.142493371236972	0.700461697170977	3580	1010	0.0178732267457235	63.5649786616947	98.1448589634965	3	0.896102177265372	0.496648819132436	7	297.120692169179	-57827000	47
20220530 035617	binary	custom	TRUE	TRUE	FALSE	-100	31	12	TRUE	240007	0.0626262870516803	0.77730808503693	7484	130	0.0470717805824986	48.9928256084871	56.8246697614086	21	0.087415307018091	0.785958304773279	21	5.35422117279382	11715000	48
20220530 035650	binary	custom	TRUE	TRUE	FALSE	-100	31	252	TRUE	240007	0.15610181175702	0.670650186094311	2712	140	0.0455290499251969	35.7674015290292	42.378012403012	16	0.285478952769863	0.77878233940721	18	98.7387709937851	7701000	49
20220530 035713	binary	custom	TRUE	TRUE	FALSE	-100	31	140	TRUE	240007	0.237715336798514	0.33111174811082	713	222	0.0381395002037532	28.2156374030558	25.9560359980753	13	0.270559811030325	0.625079050488464	2	65.8455507121006	7663000	50
20220530 035726	binary	custom	TRUE	TRUE	FALSE	-100	31	104	TRUE	240007	0.19298836279335	0.614738285482313	1053	261	0.0433767605320425	11.1808700787252	5.4914612331259	23	0.366666207918085	0.372758497632676	13	121.357912763568	5076000	51
20220530 035802	binary	custom	TRUE	TRUE	FALSE	-100	31	639	TRUE	240007	0.220041854084742	0.743469566531606	6561	130	0.0414814041370862	44.9964815186061	70.3711684226827	9	0.144043848678635	0.734052021231953	21	27.9278360605105	6501000	52
20220530 035848	binary	custom	TRUE	TRUE	FALSE	-100	31	599	TRUE	240007	0.24031579042599	0.348808281697505	5607	300	0.0374723720028644	36.690027782093	19.0278638253084	24	0.215677991222299	0.621882781213368	14	165.517915442883	7631000	53
20220530 035916	binary	custom	TRUE	TRUE	FALSE	-100	31	231	TRUE	240007	0.198342507133283	0.77446771272544	585	498	0.0447986544549424	16.4625355294876	69.529527181067	8	0.0209350568415411	0.866835679278587	20	288.817580792453	8059000	54
20220530 040008	binary	custom	TRUE	TRUE	FALSE	-100	31	833	TRUE	240007	0.173113191074886	0.856690311819151	7997	95	0.0356492629075691	32.431102458117	46.5480211264033	18	0.162027633294567	0.789519500933391	13	192.089675067773	7024000	55
20220530 040118	binary	custom	TRUE	TRUE	FALSE	-100	31	988	TRUE	240007	0.135106712297151	0.74046286661825	2145	171	0.0346452427964801	3.7702310490153	43.9672474681417	14	0.484746257331474	0.290500081034726	1	215.978255296807	7762000	56
20220530 040150	binary	custom	TRUE	TRUE	FALSE	-100	31	336	TRUE	240007	0.288090687172412	0.393987742251643	1476	272	0.0175367623415479	67.4569824914328	0.444225093046244	14	0.191528804197996	0.662716187257858	6	201.353717621802	5078000	57
20220530 040219	binary	custom	TRUE	TRUE	FALSE	-100	31	140	TRUE	240007	0.276659312986186	0.550391469125785	855	796	0.0459557634889202	37.6568760974886	31.9435116336818	22	0.246951726041755	0.933511251066727	20	255.944844445197	6721000	58
20220530 040243	binary	custom	TRUE	TRUE	FALSE	-100	31	231	TRUE	240007	0.176922830781981	0.829935074591535	1312	314	0.0299534875845614	27.6171681641979	26.1461162871034	19	0.192993506156626	0.651114640219312	22	169.196212195785	8510000	59
20220530 040313	binary	custom	TRUE	TRUE	FALSE	-100	31	542	TRUE	240007	0.295857607470956	0.810583524616444	5978	369	0.0491897423410944	11.7773172300878	1.55478400170689	15	0.610433200807243	0.609695085913336	1	180.330822798132	5601000	60
20220530 040339	binary	custom	TRUE	TRUE	FALSE	-100	31	141	TRUE	240007	0.237687182435021	0.539675946256899	1525	840	0.0435582246378967	52.3304856201867	17.3241733907731	17	0.00885543777385846	0.840249975983506	12	244.644224793188	7551000	61
20220530 040347	binary	custom	TRUE	TRUE	FALSE	-100	31	6	TRUE	240007	0.154124194550334	0.32786186280892	1771	627	0.0203838712903719	6.63138115309674	24.9677125770937	26	0.583739919203283	0.407491940077432	19	18.2065931596114	-3459000	62
20220530 040409	binary	custom	TRUE	TRUE	FALSE	-100	31	486	TRUE	240007	0.231900244448681	0.685151678747521	6811	343	0.0365568412039628	0.835501742765817	73.6697427250983	25	0.488118000817261	0.290040240707574	3	13.8113823135864	755000	63
20220530 040440	binary	custom	TRUE	TRUE	FALSE	-100	31	259	TRUE	240007	0.182942243691877	0.706494509544043	55	690	0.0177927843903292	67.0088585974385	57.4278113709127	8	0.00484437459721373	0.748968490043873	21	286.335319911375	7529000	64
20220530 040507	binary	custom	TRUE	TRUE	FALSE	-100	31	271	TRUE	240007	0.254116696202253	0.413623260296614	1399	284	0.0394816395960391	78.7740423657923	64.2312402457855	14	0.353361154104905	0.616368085486945	20	109.847229892081	7970000	65
20220530 040649	binary	custom	TRUE	TRUE	FALSE	-100	31	1740	TRUE	240007	0.254906865603354	0.57543541185483	526	416	0.03686074807266	62.56770147055	17.1999650587351	2	0.572469190299335	0.675578594714301	20	289.168855521086	4117000	66
20220530 040734	binary	custom	TRUE	TRUE	FALSE	-100	31	447	TRUE	240007	0.193479662268337	0.426335326383783	792	402	0.0117971302794723	18.3496923832922	41.9162075850512	20	0.295320374243848	0.607618619425673	15	18.5902494527996	6393000	67
20220530 040748	binary	custom	TRUE	TRUE	FALSE	-100	31	1	TRUE	240007	0.121318099098139	0.669129891324363	6180	227	0.0497354956852318	84.3821788298351	34.5036236444491	29	0.363782362071858	0.796422405029987	12	22.6358575795039	5471000	68
20220530 040835	binary	custom	TRUE	TRUE	FALSE	-100	31	620	TRUE	240007	0.298875451709105	0.468502180295612	4707	273	0.0379015339600476	30.3475533116154	58.3788031756241	29	0.322956317750487	0.576776262741332	24	71.3520193703513	7624000	69
20220530 040921	binary	custom	TRUE	TRUE	FALSE	-100	31	578	TRUE	240007	0.25818111934922	0.709313902462972	6107	530	0.0406685790395812	46.3224219438929	70.2995385787923	21	0.0364756348304765	0.828184140812249	4	152.847460616402	7488000	70
20220530 040951	binary	custom	TRUE	TRUE	FALSE	-100	31	238	TRUE	240007	0.172329765558846	0.310656607972328	2232	476	0.0309380480836583	13.5996085828882	7.03557886739386	30	0.00175175261516871	0.618644781455044	2	264.186373744385	6830000	71
20220530 041002	binary	custom	TRUE	TRUE	FALSE	-100	31	1	TRUE	240007	0.0563972493826909	0.89964825365444	1316	512	0.045688532734536	18.1443852630743	29.5816839105232	12	0.886004774472646	0.222346718985968	1	154.106081672841	-6794000	72
20220530 041016	binary	custom	TRUE	TRUE	FALSE	-100	31	1	TRUE	240007	0.038065230525019	0.872208951849723	5146	126	0.0348627346009528	13.1503192630187	88.5223764100255	24	0.0896980012874499	0.762996102753052	20	161.347402628216	-6728000	73
20220530 041038	binary	custom	TRUE	TRUE	FALSE	-100	31	291	TRUE	240007	0.136126211413183	0.912041624453686	741	283	0.0406565360644886	69.4010720975448	49.4047479477742	6	0.0520630301436748	0.788338422950666	21	35.6810058925238	6066000	74
20220530 041052	binary	custom	TRUE	TRUE	FALSE	-100	31	227	TRUE	240007	0.229123830271259	0.808378197375689	6699	251	0.0202781790406098	69.5724357688868	50.6431122151329	13	0.316166269671931	0.635319230753055	22	15.1983985092337	-8836000	75
20220530 041115	binary	custom	TRUE	TRUE	FALSE	-100	31	172	TRUE	240007	0.213357625710192	0.795394459747141	1027	264	0.0225681221242162	27.5049960816704	40.7757703931491	15	0.735638295840763	0.723997397511819	8	233.330363363997	6432000	76
20220530 041140	binary	custom	TRUE	TRUE	FALSE	-100	31	190	TRUE	240007	0.233052302013279	0.297767445157154	152	601	0.0441974267924694	31.6471658469408	79.9246597536727	28	0.309694786607915	0.610973537918981	24	165.558457535685	8696000	77
20220530 041158	binary	custom	TRUE	TRUE	FALSE	-100	31	112	TRUE	240007	0.275915691043033	0.457369595665072	818	239	0.0489511360602412	37.4057933064945	49.3235051413539	23	0.180832177629449	0.578239820066796	19	249.048623250346	5109000	78
20220530 041221	binary	custom	TRUE	TRUE	FALSE	-100	31	169	TRUE	240007	0.25668292390437	0.336451757532242	63	139	0.0135700774242411	33.3664588807588	75.8989944785946	8	0.43509140588178	0.709600907798682	24	144.365006303517	7981000	79
20220530 041238	binary	custom	TRUE	TRUE	FALSE	-100	31	154	TRUE	240007	0.284777859544285	0.606459194515913	6908	456	0.0444461845490833	52.0457204844824	43.6535894502441	19	0.0591300899235786	0.789304447736771	17	8.97893432093724	7547000	80
20220530 041256	binary	custom	TRUE	TRUE	FALSE	-100	31	112	TRUE	240007	0.274455179623885	0.699034514624029	1224	149	0.0493520933062569	44.2224455082661	54.673838468427	10	0.821220580642666	0.854393680812691	15	198.62137483534	7486000	81
20220530 041334	binary	custom	TRUE	TRUE	FALSE	-100	31	438	TRUE	240007	0.164787874544978	0.6470740138581	3940	179	0.0475754258663515	47.7268434863474	0.0682641250023158	7	0.520359934795218	0.784345477399702	6	144.268599628787	5867000	82
20220530 041349	binary	custom	TRUE	TRUE	FALSE	-100	31	114	TRUE	240007	0.28534046304766	0.73605860941004	1789	371	0.0453205376640476	32.7901884167554	14.2218547407332	27	0.191711223541067	0.615924649723645	9	105.293527965254	7075000	83
20220530 041408	binary	custom	TRUE	TRUE	FALSE	-100	31	166	TRUE	240007	0.252017719970892	0.757083026125463	546	321	0.0465440004597506	35.6731978034793	6.79844682410116	8	0.544302431676651	0.737739802701813	24	273.843554780301	6029000	84
20220530 041439	binary	custom	TRUE	TRUE	FALSE	-100	31	469	TRUE	240007	0.228605557394409	0.598398824165786	1746	71	0.0322200181027401	89.3142199343379	24.2068187456345	25	0.423796251062093	0.405710883447638	13	127.841806120268	5878000	85
20220530 041450	binary	custom	TRUE	TRUE	FALSE	-100	31	1	TRUE	240007	0.0519583035782929	0.415589778975945	1774	282	0.0216689439143919	16.1491094243655	41.292515136204	25	0.968702437666665	0.336915983592582	9	117.066834855209	-7444000	86
20220530 041530	binary	custom	TRUE	TRUE	FALSE	-100	31	714	TRUE	240007	0.239682593657892	0.857048264745552	2762	762	0.0372250093618618	36.2018224864849	19.5655757300258	3	0.525754283531607	0.883603500818924	11	154.843331466822	6128000	87
20220530 041613	binary	custom	TRUE	TRUE	FALSE	-100	31	465	TRUE	240007	0.233085334441584	0.461344997812034	7674	392	0.034020078604302	46.8200009466238	15.088036611145	18	0.120734618857189	0.698743371629404	5	41.7362588738378	5429000	88
20220530 041630	binary	custom	TRUE	TRUE	FALSE	-100	31	92	TRUE	240007	0.268871777540501	0.452817055710708	1054	347	0.0271832241153651	19.6413437199279	27.7379790100545	28	0.583094049870646	0.604961184764426	13	107.10160018671	7007000	89
20220530 041707	binary	custom	TRUE	TRUE	FALSE	-100	31	337	TRUE	240007	0.245340681051593	0.761504473457183	4229	646	0.0436596868089489	71.694032362432	60.1337413272173	28	0.130899595591018	0.961342757350645	4	239.056685279743	8371000	90
20220530 041739	binary	custom	TRUE	TRUE	FALSE	-100	31	184	TRUE	240007	0.273765595708145	0.790558594479045	909	583	0.0443343375807847	41.4842795520378	69.6005959124602	29	0.505774409851874	0.880959748993716	5	160.804214455366	7199000	91
20220530 041748	binary	custom	TRUE	TRUE	FALSE	-100	31	6	TRUE	240007	0.224201482606714	0.439205536787098	1017	27	0.0201124612398406	51.0471993521336	9.34111596070082	13	0.663053252297209	0.744678317703369	15	4.4983903465699	9150000	92
20220530 041845	binary	custom	TRUE	TRUE	FALSE	-100	31	535	TRUE	240007	0.263698680562374	0.431727765365967	7072	843	0.0359594078095115	42.9568724398949	34.4989657727065	28	0.303278738365729	0.884445834261789	6	297.416704715581	6500000	93
20220530 041918	binary	custom	TRUE	TRUE	FALSE	-100	31	330	TRUE	240007	0.279772002054027	0.331635703840421	1083	84	0.0434448088966791	86.1839424075537	81.166856594623	17	0.16141118823563	0.729678944731989	22	199.440552996402	6076000	94
20220530 041939	binary	custom	TRUE	TRUE	FALSE	-100	31	210	TRUE	240007	0.241491415196423	0.288082118329146	1240	485	0.0363359375203322	77.3495332410804	50.2255279755729	19	0.297915036626873	0.563436401457147	27	180.975206891827	6784000	95
20220530 042001	binary	custom	TRUE	TRUE	FALSE	-100	31	184	TRUE	240007	0.291719431847725	0.249381355979621	1197	758	0.019543961412697	5.52906892092793	31.628356586697	14	0.484056414256727	0.655444669531731	24	148.587944991694	6971000	96
20220530 042025	binary	custom	TRUE	TRUE	FALSE	-100	31	183	TRUE	240007	0.29599437312055	0.487886251341819	124	668	0.0281869016658853	28.240222035519	23.1448918245176	5	0.445513445091429	0.784892141381437	13	84.0705634123965	6950000	97
20220530 042214	binary	custom	TRUE	TRUE	FALSE	-100	31	2214	TRUE	240007	0.0858409491743717	0.904426104238927	6415	507	0.0483428311277415	50.9756922754581	19.3279671720054	27	0.900242388386554	0.972190974537864	1	246.806610037812	8416000	98
20220530 042351	binary	custom	TRUE	TRUE	FALSE	-100	31	1063	TRUE	240007	0.162411019426187	0.846352082807074	6991	394	0.0487973567501547	84.4338829454224	70.7634189922356	17	0.758413461933131	0.911369331573582	2	207.981319718502	7487000	99
20220530 042438	binary	custom	TRUE	TRUE	FALSE	-100	31	418	TRUE	240007	0.264805468664117	0.532755338866416	6066	563	0.0452371361010581	50.6354077325101	95.9519718988727	11	0.69567815325916	0.985385536994914	1	183.409964901332	8390000	100
20220530 042526	binary	custom	TRUE	TRUE	FALSE	-100	31	493	TRUE	240007	0.285316599886265	0.860971111832151	5235	362	0.0486889933798892	29.5631819188633	81.118553763361	30	0.899606370412814	0.952516280496495	4	296.773850220474	8504000	101
20220530 042601	binary	custom	TRUE	TRUE	FALSE	-100	31	759	TRUE	240007	0.233238773487302	0.781834339114687	1781	324	0.0416702079492373	6.41037747728721	5.86749446586727	2	0.553101266977417	0.909709972690532	23	282.228244906879	-73000	102
20220530 042634	binary	custom	TRUE	TRUE	FALSE	-100	31	187	TRUE	240007	0.209119567958906	0.555061593474358	505	940	0.0196390206461531	34.0136833250642	91.894917327723	17	0.678759111162167	0.877042447686027	17	237.62515268029	7262000	103
20220530 042802	binary	custom	TRUE	TRUE	FALSE	-100	31	877	TRUE	240007	0.168801547398939	0.452681906561018	5316	869	0.0499521166634785	38.2258905819407	92.3852040579275	9	0.0101943286704185	0.887634057391094	17	163.053150704107	9541000	104
20220530 043043	binary	custom	TRUE	TRUE	FALSE	-100	31	1825	TRUE	240007	0.0860627941267693	0.883283777467128	6957	838	0.0463020699108392	36.0813528389609	98.3716560191406	24	0.284880332961833	0.949171533847528	2	176.253832013734	8662000	105
20220530 043123	binary	custom	TRUE	TRUE	FALSE	-100	31	460	TRUE	240007	0.260207855013183	0.886012734355295	7850	801	0.0462504937829905	53.1557881946721	55.1368433413499	25	0.91657314969122	0.972596401059932	6	139.521653213981	6900000	106
20220530 043203	binary	custom	TRUE	TRUE	FALSE	-100	31	344	TRUE	240007	0.198899941053425	0.367945212820303	1476	882	0.0434891579049984	88.3575731080505	35.5144866437431	6	0.0737617807575882	0.880068517911354	18	187.904942987714	7395000	107
20220530 043427	binary	custom	TRUE	TRUE	FALSE	-100	31	2375	TRUE	240007	0.156954140953146	0.602795789108826	7909	636	0.0495287831164113	23.031655801198	84.5827761032642	2	0.196802712899905	0.840498038438058	13	84.0520543804582	2325000	108
20220530 043544	binary	custom	TRUE	TRUE	FALSE	-100	31	935	TRUE	240007	0.0756560235355963	0.805355819630841	3449	734	0.0499560648399613	47.4890502843961	86.6018119454346	27	0.119255184859872	0.898329396975109	15	270.327669759881	8825000	109
20220530 043627	binary	custom	TRUE	TRUE	FALSE	-100	31	335	TRUE	240007	0.196110130821319	0.572492272864651	2462	657	0.0464349609827543	51.0454146044694	64.616698413736	24	0.0528404283420677	0.878758678545484	17	145.224715830982	8409000	110
20220530 043753	binary	custom	TRUE	TRUE	FALSE	-100	31	813	TRUE	240007	0.170827364835052	0.496617413243372	5265	944	0.0458771148324775	27.1037890039318	90.853169501774	5	0.202543296517923	0.974219479714508	21	208.33630144633	9166000	111
20220530 043834	binary	custom	TRUE	TRUE	FALSE	-100	31	541	TRUE	240007	0.260796221019036	0.842544816541207	4448	919	0.0486392796636051	38.2226781876005	99.1944985407501	5	0.0884524043978073	0.957874806635515	14	299.821303821925	9164000	112
20220530 044009	binary	custom	TRUE	TRUE	FALSE	-100	31	963	TRUE	240007	0.19430813907276	0.9833154546254	4793	982	0.0231677027530406	54.591923742147	84.2701709284762	14	0.827857882516485	0.95624358864584	2	299.701501425904	9720000	113
20220530 044059	binary	custom	TRUE	TRUE	FALSE	-100	31	478	TRUE	240007	0.119397379316913	0.86042583573844	1498	985	0.0497232065216192	40.5603579325875	79.9326798250005	16	0.452523202611866	0.984943918704486	4	250.778975575741	9488000	114
20220530 044236	binary	custom	TRUE	TRUE	FALSE	-100	31	1269	TRUE	240007	0.0668051627468367	0.667836956697249	5388	922	0.0497532833224786	33.2610121817639	85.1148265919367	24	0.26434933362373	0.988931100369493	11	291.698813717739	8091000	115
20220530 044314	binary	custom	TRUE	TRUE	FALSE	-100	31	281	TRUE	240007	0.208850960913801	0.367653313519699	2818	977	0.0497882661469009	75.8448459337781	99.9487645318722	13	0.727558306899536	0.941477270219803	6	253.680270740357	7791000	116
20220530 044357	binary	custom	TRUE	TRUE	FALSE	-100	31	408	TRUE	240007	0.235503307498809	0.953233937989651	4491	925	0.0484297373707971	35.9443246778618	99.6803227033614	9	0.0817552957708428	0.900290440390007	4	285.929564899039	8978000	117
20220530 044452	binary	custom	TRUE	TRUE	FALSE	-100	31	528	TRUE	240007	0.235986856728584	0.884668916708556	4871	865	0.017001721796643	27.2697957829501	10.3158135481622	15	0.805265963583341	0.82080327782143	2	246.851243072425	5939000	118
20220530 044516	binary	custom	TRUE	TRUE	FALSE	-100	31	516	TRUE	240007	0.297572505450106	0.69418329248469	5456	897	0.0492279836940128	64.9336151057518	13.2550002706318	25	0.380363578922266	0.417034112883732	29	49.5876947863098	6584000	119
20220530 044559	binary	custom	TRUE	TRUE	FALSE	-100	31	457	TRUE	240007	0.239671197146662	0.784700311441248	6339	921	0.0392771978339143	29.5345221381822	64.2936787866756	6	0.0562151078593936	0.983173726320417	4	297.133121065908	7781000	120
20220530 044619	binary	custom	TRUE	TRUE	FALSE	-100	31	104	TRUE	240007	0.206568207510862	0.66963660855036	250	928	0.0498799960462732	39.5318358849472	49.3173237082215	16	0.00592354032481504	0.662393897823349	25	134.385226680032	6247000	121
20220530 044713	binary	custom	TRUE	TRUE	FALSE	-100	31	433	TRUE	240007	0.176876404726576	0.54336519705135	1580	662	0.0344547331921352	36.7891266488834	97.9262798505087	21	0.122160514072564	0.952643616936738	1	293.47136514639	8956000	122
20220530 044832	binary	custom	TRUE	TRUE	FALSE	-100	31	888	TRUE	240007	0.0993736215037996	0.272197395656597	1929	788	0.0495713037758032	34.8481434318941	98.8936834524307	5	0.163547629248906	0.901231369051331	20	245.63925432639	8750000	123
20220530 044919	binary	custom	TRUE	TRUE	FALSE	-100	31	539	TRUE	240007	0.289149874650912	0.668736338488916	3785	1021	0.039335318013707	15.7448313341757	54.6682849351779	13	0.121676924450204	0.89894578996094	18	298.762591502533	7245000	124
20220530 045017	binary	custom	TRUE	TRUE	FALSE	-100	31	541	TRUE	240007	0.145217382067904	0.98888171183478	1087	484	0.0407346536401005	73.8085778330361	90.0728149790915	17	0.963962156347412	0.97111387350224	2	280.888333594064	7500000	125
20220530 045055	binary	custom	TRUE	TRUE	FALSE	-100	31	321	TRUE	240007	0.189568231461976	0.905649235565927	1019	961	0.0202600177984879	14.1035363665901	94.3861241255933	9	0.0530692097023071	0.978315507206738	25	162.081421006857	9285000	126
20220530 045104	binary	custom	TRUE	TRUE	FALSE	-100	31	12	TRUE	240007	0.232338351283406	0.200912647810228	3528	37	0.0407240209688962	71.1848986082902	21.4769354132577	22	0.00199640541020141	0.580398318142179	12	16.568106413177	2562000	127
20220530 045137	binary	custom	TRUE	TRUE	FALSE	-100	31	280	TRUE	240007	0.266958919974658	0.492108836553529	1236	239	0.0353679349692472	25.6591183269061	87.9027814447168	16	0.85197918959464	0.62681755687097	26	278.377437456494	7627000	128
20220530 045218	binary	custom	TRUE	TRUE	FALSE	-100	31	528	TRUE	240007	0.139818696099624	0.500073842823396	1936	301	0.0429618550332192	74.1086784973117	28.8739939531105	15	0.0649210970176444	0.443720382465268	27	89.9690061802525	6763000	129
20220530 045419	binary	custom	TRUE	TRUE	FALSE	-100	31	1713	TRUE	240007	0.0414701708576487	0.212755607153619	1316	324	0.0455506280122584	25.6660014108588	4.46494228206909	11	0.197778763252498	0.602142958363329	24	116.054256174052	9450000	130
20220530 045435	binary	custom	TRUE	TRUE	FALSE	-100	31	309	TRUE	240007	0.0399329621677882	0.776187573232359	6314	845	0.0407090505130079	91.5001403547217	2.24503390665026	19	0.0226233502171637	0.37619398694257	14	3.21605518587155	11483000	131
20220530 045505	binary	custom	TRUE	TRUE	FALSE	-100	31	587	TRUE	240007	0.272675835031838	0.913395195231604	3429	452	0.0373540576706677	97.7549180123545	60.5162443709256	21	0.0133903769745248	0.374577997595479	13	172.966242913589	6993000	132
20220530 045540	binary	custom	TRUE	TRUE	FALSE	-100	31	302	TRUE	240007	0.147133795130049	0.381163122226235	981	504	0.0233283100309651	34.7442380812921	19.7917754549166	17	0.0159373456233452	0.618906048868332	25	242.732532766532	6886000	133
20220530 045550	binary	custom	TRUE	TRUE	FALSE	-100	31	1	TRUE	240007	0.0783423333917992	0.402027433374415	6134	361	0.0492758635816536	63.4810520472137	27.6943938824078	12	0.161308265330798	0.397434054193407	14	60.039168325558	-6293000	134
20220530 045620	binary	custom	TRUE	TRUE	FALSE	-100	31	425	TRUE	240007	0.176620567467168	0.939451089900724	3594	300	0.0270718899968312	44.6388992999363	16.7503059251427	23	0.41276581750663	0.664109510812418	1	120.281937802589	8039000	135
20220530 045638	binary	custom	TRUE	TRUE	FALSE	-100	31	224	TRUE	240007	0.227788443773446	0.834724101517885	2592	775	0.0409720643648652	2.77999252335906	12.2548529916614	9	0.327339470655563	0.440333154627155	28	109.396004592763	7763000	136
20220530 045743	binary	custom	TRUE	TRUE	FALSE	-100	31	1079	TRUE	240007	0.0528182353384465	0.881758985760515	824	722	0.0353712058130541	35.4487360931967	0.943534627971068	20	0.325626658828391	0.381924838232007	13	63.2561339136531	7976000	137
20220530 045808	binary	custom	TRUE	TRUE	FALSE	-100	31	205	TRUE	240007	0.213125000211663	0.558583665028625	1094	406	0.0434092705909034	23.3861930374916	52.7165648894322	14	0.841358978684957	0.553419556678637	26	63.8329833522531	7418000	138
20220530 045857	binary	custom	TRUE	TRUE	FALSE	-100	31	750	TRUE	240007	0.216918120517617	0.922574890021981	7333	61	0.0498892419797607	42.7034146606139	62.8845125945473	19	0.00026198915396341	0.848275663871108	20	39.1144590783074	8120000	139
20220530 045928	binary	custom	TRUE	TRUE	FALSE	-100	31	244	TRUE	240007	0.241425259007458	0.941622781379228	2159	715	0.0260059956392108	45.8029800192148	95.1117884313125	20	0.322254796574005	0.994549649639655	13	275.029777297854	8414000	140
20220530 050001	binary	custom	TRUE	TRUE	FALSE	-100	31	464	TRUE	240007	0.145812855733572	0.688278349970922	2966	462	0.0359646986763046	24.1225143836375	11.6376794824911	17	0.355322003236157	0.41512206052478	29	209.950739155977	5913000	141
20220530 050011	binary	custom	TRUE	TRUE	FALSE	-100	31	1	TRUE	240007	0.0648056431946759	0.872119530029214	1114	1019	0.0399605450660858	74.9754477668469	33.6907925517422	18	0.187515577858959	0.39116856409474	27	42.5707554596012	3753000	142
20220530 050021	binary	custom	TRUE	TRUE	FALSE	-100	31	1	TRUE	240007	0.0808924553735154	0.918478244185675	2664	105	0.0311236442096571	86.4159449145538	27.2605601597862	10	0.101873017131636	0.347193728943748	2	127.673137663472	-26750000	143
20220530 050049	binary	custom	TRUE	TRUE	FALSE	-100	31	241	TRUE	240007	0.203592088741523	0.47165076975235	1682	36	0.0483828224466943	27.1806619212971	49.9091097204968	10	0.931868256439949	0.65430485571755	15	20.2866671861817	9109000	144
20220530 050150	binary	custom	TRUE	TRUE	FALSE	-100	31	721	TRUE	240007	0.272065941010963	0.431840954480431	5238	50	0.0410151959843022	31.2272544356915	9.70681794992661	9	0.40474222929992	0.645393989149903	6	197.621689387392	7072000	145
20220530 050700	binary	custom	TRUE	TRUE	FALSE	-100	31	3504	TRUE	240007	0.0412885932064561	0.438020774914685	3643	840	0.046334901696267	51.510849858869	55.2137696200444	18	0.610977769274448	0.89522960552219	1	263.774393437363	8246000	146
20220530 050815	binary	custom	TRUE	TRUE	FALSE	-100	31	576	TRUE	240007	0.0774388146412587	0.346186570487193	3165	804	0.031833524671112	42.6084515055821	23.3443514474355	28	0.746611565721188	0.99671783090753	3	272.441288096951	6631000	147
20220530 050911	binary	custom	TRUE	TRUE	FALSE	-100	31	486	TRUE	240007	0.163941620213127	0.435159254149463	4508	379	0.0467403652647272	80.5870335743137	87.760934454134	13	0.236455566641614	0.969348230121507	15	272.524844789664	7006000	148
20220530 051007	binary	custom	TRUE	TRUE	FALSE	-100	31	809	TRUE	240007	0.135870280507295	0.928005703679154	3818	95	0.0441120081241294	52.3988259994787	99.1882265701483	27	0.534212391485825	0.934720973226861	1	219.809332830507	8111000	149
20220530 051055	binary	custom	TRUE	TRUE	FALSE	-100	31	326	TRUE	240007	0.28759409647262	0.475964678599957	2376	1023	0.0333220230487352	14.7011498508116	73.446706553565	6	0.0459080095771864	0.993737834902395	25	282.003630077761	6696000	150
20220530 051104	binary	custom	TRUE	TRUE	FALSE	-100	31	5	TRUE	240007	0.0656167374762222	0.941170478228382	7791	1023	0.0389312717511187	95.192888169382	21.2754954072071	28	0.323580983397652	0.375086368171877	15	8.14580738272311	9889000	151
20220530 051142	binary	custom	TRUE	TRUE	FALSE	-100	31	332	TRUE	240007	0.231491827940373	0.469265182681514	1658	382	0.0438760863431643	18.7455554126226	85.0887840528336	9	0.20916880482875	0.64632939400211	15	202.190353437737	9335000	152
20220530 051222	binary	custom	TRUE	TRUE	FALSE	-100	31	360	TRUE	240007	0.151737824753946	0.788514828859626	2890	758	0.0495852056679876	15.8695898244753	94.1963492028403	22	0.144831886043606	0.973232967054894	17	140.313359877205	9086000	153
20220530 051321	binary	custom	TRUE	TRUE	FALSE	-100	31	726	TRUE	240007	0.112171398487263	0.3401335965715	2176	170	0.0495818462060775	15.1339036138217	67.5889418416114	11	0.701410566150873	0.615951855002189	22	97.5545362646464	8169000	154
20220530 051356	binary	custom	TRUE	TRUE	FALSE	-100	31	224	TRUE	240007	0.235222485748394	0.391805248361246	2543	653	0.0298609900149827	77.8945966599674	90.0650587386863	9	0.514656465045379	0.854113586688102	3	298.125545754076	6679000	155
20220530 051409	binary	custom	TRUE	TRUE	FALSE	-100	31	119	TRUE	240007	0.29009999852591	0.916116087021431	2523	346	0.0478261380909164	28.7659951572864	17.1079214524465	9	0.131327697198604	0.486171018702953	30	128.720433997304	6548000	156
20220530 051425	binary	custom	TRUE	TRUE	FALSE	-100	31	120	TRUE	240007	0.281807407507691	0.835577676781021	1662	460	0.0473850846218204	12.479760294746	44.3801124575421	9	0.2253788780569	0.598702195095728	24	161.147734355806	7511000	157
20220530 051528	binary	custom	TRUE	TRUE	FALSE	-100	31	410	TRUE	240007	0.0892929768487731	0.498635614758381	530	995	0.0471359807301041	13.0807429865026	91.5373385762327	10	0.11570234154794	0.949056512365926	24	21.635662625583	11491000	158
20220530 051545	binary	custom	TRUE	TRUE	FALSE	-100	31	1	TRUE	240007	0.0550283695708241	0.732108464678861	1733	920	0.0493808298891863	44.4786931050214	72.8462201541481	11	0.0216025167830548	0.973940773248408	22	45.7550342697444	5552000	159
20220530 051623	binary	custom	TRUE	TRUE	FALSE	-100	31	212	TRUE	240007	0.101591213423704	0.269549917130345	508	756	0.0351143783253006	8.75943126432297	65.1942309805426	21	0.206161721661929	0.965182835803698	24	175.156340769091	9371000	160
20220530 051725	binary	custom	TRUE	TRUE	FALSE	-100	31	511	TRUE	240007	0.216775491989529	0.535424881387376	5378	804	0.0370548518886032	31.4354664021304	91.9919000284283	23	0.425200744142541	0.947549738523866	14	213.091398534043	7869000	161
20220530 051741	binary	custom	TRUE	TRUE	FALSE	-100	31	80	TRUE	240007	0.201105905397222	0.658814985278749	1958	31	0.0147167110750817	67.8483477495651	0.0940957800828185	9	0.213107766507039	0.798778903404146	16	156.424656138526	1663000	162
20220530 051801	binary	custom	TRUE	TRUE	FALSE	-100	31	116	TRUE	240007	0.215866008391742	0.784637588601101	285	626	0.0481514974260964	57.1339283708703	26.9397759377489	13	0.935793416039888	0.746546626045631	16	70.6612258935439	7063000	163
20220530 051848	binary	custom	TRUE	TRUE	FALSE	-100	31	234	TRUE	240007	0.13181574042135	0.540901087175696	437	1004	0.043762322930804	2.96514194361044	96.5230721348088	19	0.00197639387530051	0.894036506770026	23	68.4694980874304	9204000	164
20220530 051920	binary	custom	TRUE	TRUE	FALSE	-100	31	341	TRUE	240007	0.207203598178235	0.459184614392557	6557	26	0.0488795439657267	47.321290770349	19.6984128614942	22	0.283399162227664	0.767015328036781	15	8.38539025544366	8567000	165
20220530 051948	binary	custom	TRUE	TRUE	FALSE	-100	31	407	TRUE	240007	0.241783883450076	0.291474481953369	1962	1015	0.018243963818003	27.3417053195855	14.5401754360276	15	0.102655833077009	0.366002705359511	14	68.246052159758	7643000	166
20220530 052001	binary	custom	TRUE	TRUE	FALSE	-100	31	1	TRUE	240007	0.10188268416775	0.428008075468665	929	1017	0.0124507512122592	6.28767456635018	47.5639027064671	3	0.607977695804158	0.953946423321565	24	58.2183147796859	-24139000	167
20220530 052021	binary	custom	TRUE	TRUE	FALSE	-100	31	252	TRUE	240007	0.284561449043879	0.620937955297193	1061	385	0.0242636986139048	62.5502444460833	57.9586369194765	17	0.159320161279861	0.413972528852755	18	83.0403376178668	7586000	168
20220530 052047	binary	custom	TRUE	TRUE	FALSE	-100	31	440	TRUE	240007	0.22587546817838	0.690792223721355	7294	815	0.0301835630928761	94.8514617048008	2.30869318544197	21	0.298582483945046	0.399531893770138	22	115.618611501377	-983000	169
20220530 052146	binary	custom	TRUE	TRUE	FALSE	-100	31	608	TRUE	240007	0.165483495438801	0.934412183076601	5200	544	0.0307458215345299	39.6384229496252	82.8158337715802	14	0.644631996079609	0.942304339413967	4	227.14486537373	9113000	170
20220530 052158	binary	custom	TRUE	TRUE	FALSE	-100	31	3	TRUE	240007	0.0703668816881065	0.812776944084513	2063	439	0.0455808958388035	32.9014708908519	9.32123859488765	20	0.159600239470157	0.635036291979952	9	25.7498395238614	6305000	171
20220530 052239	binary	custom	TRUE	TRUE	FALSE	-100	31	290	TRUE	240007	0.166031263354376	0.311421421682417	2349	582	0.04617617145184	6.64809041726169	68.3668427358363	12	0.00999559409876057	0.952932733222227	10	200.874216939655	9380000	172
20220530 052311	binary	custom	TRUE	TRUE	FALSE	-100	31	219	TRUE	240007	0.161016488062119	0.91712088437597	134	829	0.0352163327417987	62.4633232405324	65.7007870274072	17	0.0712962164316475	0.960114708393455	26	240.26512083096	8876000	173
20220530 052341	binary	custom	TRUE	TRUE	FALSE	-100	31	182	TRUE	240007	0.168254447447327	0.913928437228164	782	870	0.0334254024334674	71.9089517786837	16.5827607087215	18	0.414759632466863	0.876079489627647	5	185.504528494173	6681000	174
20220530 052434	binary	custom	TRUE	TRUE	FALSE	-100	31	553	TRUE	240007	0.143381807830653	0.807721628558158	3046	864	0.0401099839021695	19.2879703358707	99.9788865857834	11	0.265302330233742	0.959137202136518	15	167.66138206817	9230000	175
20220530 052500	binary	custom	TRUE	TRUE	FALSE	-100	31	218	TRUE	240007	0.282479245230248	0.761745100037673	1248	757	0.020502632680549	25.6712554036609	96.7066381077164	14	0.70664203504031	0.755774553706035	24	278.138729344378	7722000	176
20220530 052538	binary	custom	TRUE	TRUE	FALSE	-100	31	211	TRUE	240007	0.130256894203138	0.732764895254638	198	925	0.0464690471837323	12.093518915399	82.9458079639271	14	0.0432230840241318	0.972150761401768	27	76.3236954337432	11032000	177
20220530 052603	binary	custom	TRUE	TRUE	FALSE	-100	31	490	TRUE	240007	0.26030078855004	0.758800892099244	3004	942	0.0411823656909491	49.2459868438237	36.5197504982732	22	0.620355612114261	0.379216391738213	12	17.8881162561745	5975000	178
20220530 052647	binary	custom	TRUE	TRUE	FALSE	-100	31	181	TRUE	240007	0.0923599897739123	0.46790957052303	126	399	0.0487514538255113	15.4800494583201	57.0262430155812	19	0.169435148688736	0.958268586605572	21	288.15360123873	8006000	179
20220530 052708	binary	custom	TRUE	TRUE	FALSE	-100	31	4	TRUE	240007	0.0124981002724138	0.829962137538892	5029	994	0.0417432001990245	4.48182793466298	28.6171015804152	17	0.0533128637717855	0.375045663731697	14	124.921463298174	8301000	180
20220530 052737	binary	custom	TRUE	TRUE	FALSE	-100	31	200	TRUE	240007	0.253051211322148	0.818159103449363	1031	749	0.0208658563074265	53.7867044893816	98.9354193537039	21	0.0138418070469729	0.88550227561607	9	287.038466775178	8012000	181
20220530 052805	binary	custom	TRUE	TRUE	FALSE	-100	31	203	TRUE	240007	0.251418326125395	0.299455963402814	725	886	0.037743228245298	37.5375270798141	86.352749411957	10	0.135930729610941	0.873045770483817	18	69.9287545062082	8181000	182
20220530 052831	binary	custom	TRUE	TRUE	FALSE	-100	31	93	TRUE	240007	0.184713970380122	0.298013130231547	306	856	0.0478256597746525	9.55259179621703	97.7050728027734	15	0.0419621021206608	0.94645647652228	17	199.319303737855	7950000	183
20220530 052907	binary	custom	TRUE	TRUE	FALSE	-100	31	430	TRUE	240007	0.15462160523706	0.738799130401873	1557	282	0.0232029219495598	12.9391003810491	58.788839643706	15	0.114146362454656	0.643433619320393	1	140.782147608876	8204000	184
20220530 053028	binary	custom	TRUE	TRUE	FALSE	-100	31	1387	TRUE	240007	0.135793974629873	0.986435178106332	7535	55	0.0422357016743	22.782921923244	42.3476468266161	22	0.781018025595927	0.651725386215869	5	160.481916134709	8547000	185
20220530 053117	binary	custom	TRUE	TRUE	FALSE	-100	31	337	TRUE	240007	0.135635456251474	0.528439037208017	3626	824	0.0499893870979528	26.8542255421282	13.1746485940698	27	0.530857593186797	0.92736460797833	1	65.3974930567012	8448000	186
20220530 053151	binary	custom	TRUE	TRUE	FALSE	-100	31	468	TRUE	240007	0.277484007115145	0.394227105028812	2394	355	0.0409937389968112	57.1300647386328	79.6883372315394	29	0.0972424896940104	0.427368701023064	26	196.813385011381	7867000	187
20220530 053231	binary	custom	TRUE	TRUE	FALSE	-100	31	568	TRUE	240007	0.0108320316382339	0.79325100148766	2005	609	0.0417783842798205	44.2266711069242	2.48016903925913	24	0.722715447831852	0.421814797654326	17	4.36968228866552	12216000	188
20220530 053250	binary	custom	TRUE	TRUE	FALSE	-100	31	1	TRUE	240007	0.0653678431366705	0.61194483098851	446	74	0.049913037558952	49.934308721442	45.0640530079661	16	0.0321989883050913	0.858771142121622	11	44.0846145624043	6503000	189
20220530 053303	binary	custom	TRUE	TRUE	FALSE	-100	31	3	TRUE	240007	0.0620720938265714	0.782976573491231	7422	55	0.0486630364542092	28.4355433531697	45.8801944804916	18	0.103725119182533	0.789037296566702	3	101.001759777063	-19970000	190
20220530 053350	binary	custom	TRUE	TRUE	FALSE	-100	31	786	TRUE	240007	0.23584288858555	0.972126598994806	7670	255	0.0402902446069816	38.2166708662195	21.7525254857559	20	0.761911284954133	0.650058529258327	10	142.649742894479	7005000	191
20220530 053437	binary	custom	TRUE	TRUE	FALSE	-100	31	399	TRUE	240007	0.242174352589341	0.560501123177287	4138	240	0.0403036571334288	69.9523632516106	72.2129912791514	12	0.372104854310068	0.834812182718208	10	226.111216188958	8298000	192
20220530 053516	binary	custom	TRUE	TRUE	FALSE	-100	31	297	TRUE	240007	0.292353083237144	0.433826212902479	3665	466	0.03768131694881	65.0056481551641	16.338956865804	21	0.861087487569675	0.789065379313863	5	200.140615155312	5865000	193
20220530 053533	binary	custom	TRUE	TRUE	FALSE	-100	31	222	TRUE	240007	0.296314575760735	0.745309490083311	3026	552	0.0425907763964327	42.3812145238942	92.5370075386454	21	0.963074710880489	0.441386469815523	28	36.4158733549634	5009000	194
20220530 053643	binary	custom	TRUE	TRUE	FALSE	-100	31	828	TRUE	240007	0.132822500730004	0.882298754351893	5363	681	0.0474805804890784	6.89540244494278	74.7867106809732	14	0.01702957204064	0.957005352630885	25	273.671483224403	9701000	195
20220530 053721	binary	custom	TRUE	TRUE	FALSE	-100	31	190	TRUE	240007	0.145832838026674	0.476430469634577	1811	405	0.0499221850106109	49.5605091314872	12.2734424331824	12	0.408548086104276	0.935210598893643	6	253.734384055811	6700000	196
20220530 053757	binary	custom	TRUE	TRUE	FALSE	-100	31	336	TRUE	240007	0.147390438985885	0.316568461856454	5657	23	0.0499377049640419	63.9272761450912	3.74619797337377	25	0.13105064384395	0.788162386161333	21	14.7071366718506	6743000	197
20220530 053844	binary	custom	TRUE	TRUE	FALSE	-100	31	393	TRUE	240007	0.15144374183919	0.942858674701115	2628	625	0.0302522780979157	17.9040784120668	96.6224868037989	18	0.00323150213191127	0.97946550624556	25	284.132573062737	9086000	198
