fecha	objective	metric	first_metric_only	boost_from_average	feature_pre_filter	verbosity	seed	max_depth	min_gain_to_split	lambda_l1	lambda_l2	max_bin	num_iterations	force_row_wise	seed	learning_rate	feature_fraction	min_data_in_leaf	num_leaves	prob_corte	ganancia	iteracion
20220529 153205	binary	custom	TRUE	TRUE	FALSE	-100	240007	-1	0	0	0	31	26	TRUE	240007	0.150249879573938	0.742848681984469	5892	209	0.0310259637961281	10617000	1
20220529 153229	binary	custom	TRUE	TRUE	FALSE	-100	240007	-1	0	0	0	31	41	TRUE	240007	0.112278850419563	0.512893431913108	4609	462	0.0149802663766119	13187000	2
20220529 153240	binary	custom	TRUE	TRUE	FALSE	-100	240007	-1	0	0	0	31	18	TRUE	240007	0.189094990562531	0.293768114252016	1507	629	0.0318247425302009	10119000	3
20220529 153305	binary	custom	TRUE	TRUE	FALSE	-100	240007	-1	0	0	0	31	117	TRUE	240007	0.0742824002219131	0.32218365278095	6405	316	0.0254320719327855	12026000	4
20220529 153356	binary	custom	TRUE	TRUE	FALSE	-100	240007	-1	0	0	0	31	363	TRUE	240007	0.0155447965902276	0.710493802865967	3176	386	0.0208577673974408	12981000	5
20220529 153410	binary	custom	TRUE	TRUE	FALSE	-100	240007	-1	0	0	0	31	81	TRUE	240007	0.0885516423082445	0.676193727804348	5136	771	0.0430499811385137	9238000	6
20220529 153421	binary	custom	TRUE	TRUE	FALSE	-100	240007	-1	0	0	0	31	32	TRUE	240007	0.241014542790712	0.452610790217295	4293	142	0.0207585057646308	11629000	7
20220529 153430	binary	custom	TRUE	TRUE	FALSE	-100	240007	-1	0	0	0	31	26	TRUE	240007	0.203357198518701	0.619741822760552	3739	588	0.0352039933893442	9889000	8
20220529 153446	binary	custom	TRUE	TRUE	FALSE	-100	240007	-1	0	0	0	31	60	TRUE	240007	0.16717605051212	0.399337805202231	2058	934	0.0485642889567923	7836000	9
20220529 153455	binary	custom	TRUE	TRUE	FALSE	-100	240007	-1	0	0	0	31	11	TRUE	240007	0.281970498388866	0.983656130116433	1723	880	0.0281110565677712	10371000	10
20220529 153534	binary	custom	TRUE	TRUE	FALSE	-100	240007	-1	0	0	0	31	65	TRUE	240007	0.0320578058387619	0.955026392806321	561	500	0.0138746831313862	12867000	11
20220529 153548	binary	custom	TRUE	TRUE	FALSE	-100	240007	-1	0	0	0	31	65	TRUE	240007	0.134702783242683	0.41390350417234	7439	686	0.0371908919512255	10445000	12
20220529 153620	binary	custom	TRUE	TRUE	FALSE	-100	240007	-1	0	0	0	31	26	TRUE	240007	0.109306788909249	0.559239233648404	173	826	0.0100376893649809	10517000	13
20220529 153628	binary	custom	TRUE	TRUE	FALSE	-100	240007	-1	0	0	0	31	31	TRUE	240007	0.270705026671174	0.804656797703356	7793	793	0.0473386753175873	9145000	14
20220529 153639	binary	custom	TRUE	TRUE	FALSE	-100	240007	-1	0	0	0	31	21	TRUE	240007	0.24703082818503	0.596402097418904	1169	65	0.0376797932816165	8243000	15
20220529 153700	binary	custom	TRUE	TRUE	FALSE	-100	240007	-1	0	0	0	31	94	TRUE	240007	0.0524556646180572	0.244582766303793	2550	521	0.0229591484244641	12972000	16
20220529 153708	binary	custom	TRUE	TRUE	FALSE	-100	240007	-1	0	0	0	31	23	TRUE	240007	0.170570562972338	0.865019503096119	6105	96	0.0168622610440555	12728000	17
20220529 153715	binary	custom	TRUE	TRUE	FALSE	-100	240007	-1	0	0	0	31	15	TRUE	240007	0.219269871444558	0.788481236957014	5554	986	0.0116065772885728	12671000	18
20220529 153724	binary	custom	TRUE	TRUE	FALSE	-100	240007	-1	0	0	0	31	36	TRUE	240007	0.289065353922429	0.202726986752823	6865	253	0.0416604536105297	9234000	19
20220529 153741	binary	custom	TRUE	TRUE	FALSE	-100	240007	-1	0	0	0	31	90	TRUE	240007	0.0671273101527477	0.901459988476708	3328	324	0.044395053217401	9004000	20
20220529 153800	binary	custom	TRUE	TRUE	FALSE	-100	240007	-1	0	0	0	31	108	TRUE	240007	0.0403451928302999	0.998867652580651	4795	562	0.0148151204641131	13089000	21
20220529 153825	binary	custom	TRUE	TRUE	FALSE	-100	240007	-1	0	0	0	31	68	TRUE	240007	0.0296539864801465	0.92997886175978	2295	294	0.015975447358241	13378000	22
20220529 153931	binary	custom	TRUE	TRUE	FALSE	-100	240007	-1	0	0	0	31	322	TRUE	240007	0.0104332838377002	0.210324259451816	3050	428	0.0165132884623442	12956000	23
20220529 153949	binary	custom	TRUE	TRUE	FALSE	-100	240007	-1	0	0	0	31	90	TRUE	240007	0.0676568137778859	0.996864624780078	2603	534	0.0170536224289038	13154000	24
20220529 154002	binary	custom	TRUE	TRUE	FALSE	-100	240007	-1	0	0	0	31	73	TRUE	240007	0.128835660376505	0.624654373545531	7593	571	0.0137483991334173	12867000	25
20220529 154051	binary	custom	TRUE	TRUE	FALSE	-100	240007	-1	0	0	0	31	312	TRUE	240007	0.0101427994346507	0.961349061477393	1159	21	0.0166874409332258	13593000	26
20220529 154201	binary	custom	TRUE	TRUE	FALSE	-100	240007	-1	0	0	0	31	256	TRUE	240007	0.0101565220384927	0.994597455897021	9	84	0.0187161747575356	11162000	27
20220529 154321	binary	custom	TRUE	TRUE	FALSE	-100	240007	-1	0	0	0	31	276	TRUE	240007	0.0102613390021513	0.991639311555539	1452	440	0.0135570326808313	13168000	28
20220529 154346	binary	custom	TRUE	TRUE	FALSE	-100	240007	-1	0	0	0	31	142	TRUE	240007	0.0229712080389347	0.738304789919994	1378	20	0.0153672242649089	13945000	29
20220529 154416	binary	custom	TRUE	TRUE	FALSE	-100	240007	-1	0	0	0	31	130	TRUE	240007	0.0420777272834476	0.547670672385529	5919	1022	0.0170373373690988	13281000	30
20220529 154424	binary	custom	TRUE	TRUE	FALSE	-100	240007	-1	0	0	0	31	29	TRUE	240007	0.130618020369292	0.910237651287293	1348	16	0.0149448969215944	12972000	31
20220529 154552	binary	custom	TRUE	TRUE	FALSE	-100	240007	-1	0	0	0	31	392	TRUE	240007	0.0100373545264064	0.654778221810857	1428	953	0.0163622866767529	13585000	32
20220529 154734	binary	custom	TRUE	TRUE	FALSE	-100	240007	-1	0	0	0	31	443	TRUE	240007	0.0105857243023845	0.597508736963559	1420	239	0.0163153117985316	13569000	33
20220529 154825	binary	custom	TRUE	TRUE	FALSE	-100	240007	-1	0	0	0	31	288	TRUE	240007	0.0263233707563821	0.478275848108107	4012	1024	0.02269095452149	12610000	34
20220529 154931	binary	custom	TRUE	TRUE	FALSE	-100	240007	-1	0	0	0	31	358	TRUE	240007	0.0158708161604947	0.521786562629544	5853	16	0.0140682689484036	13360000	35
20220529 154942	binary	custom	TRUE	TRUE	FALSE	-100	240007	-1	0	0	0	31	31	TRUE	240007	0.127415425139758	0.208044445541353	6093	1024	0.0142625751420388	12830000	36
20220529 155041	binary	custom	TRUE	TRUE	FALSE	-100	240007	-1	0	0	0	31	480	TRUE	240007	0.0102359164754367	0.694958122088201	3723	16	0.0164096095795463	13259000	37
20220529 155056	binary	custom	TRUE	TRUE	FALSE	-100	240007	-1	0	0	0	31	109	TRUE	240007	0.0734011090420189	0.69362297429766	6363	16	0.00849484849554091	11233000	38
20220529 155216	binary	custom	TRUE	TRUE	FALSE	-100	240007	-1	0	0	0	31	462	TRUE	240007	0.0105519837620337	0.36850820666928	7681	16	0.0174282514848176	13171000	39
20220529 155328	binary	custom	TRUE	TRUE	FALSE	-100	240007	-1	0	0	0	31	642	TRUE	240007	0.0100066405965396	0.805952205466752	7998	670	0.0203849002079811	12624000	40
20220529 155510	binary	custom	TRUE	TRUE	FALSE	-100	240007	-1	0	0	0	31	927	TRUE	240007	0.0106837413233687	0.200770767920853	5664	517	0.0194056329896133	12836000	41
20220529 155615	binary	custom	TRUE	TRUE	FALSE	-100	240007	-1	0	0	0	31	592	TRUE	240007	0.0104932240218167	0.689040690091823	6736	278	0.0157779335708458	12887000	42
20220529 155622	binary	custom	TRUE	TRUE	FALSE	-100	240007	-1	0	0	0	31	20	TRUE	240007	0.293077051883302	0.673329706390225	7987	1013	0.0173215444926305	12623000	43
20220529 155648	binary	custom	TRUE	TRUE	FALSE	-100	240007	-1	0	0	0	31	142	TRUE	240007	0.0362370470644385	0.717065629087004	2904	1023	0.0150610324295118	13417000	44
20220529 155657	binary	custom	TRUE	TRUE	FALSE	-100	240007	-1	0	0	0	31	19	TRUE	240007	0.295340210975036	0.244817269128856	7993	19	0.0140543004397512	12303000	45
20220529 155739	binary	custom	TRUE	TRUE	FALSE	-100	240007	-1	0	0	0	31	233	TRUE	240007	0.0102493200073495	0.769272029367556	1486	17	0.0152332777591614	13562000	46
20220529 155755	binary	custom	TRUE	TRUE	FALSE	-100	240007	-1	0	0	0	31	71	TRUE	240007	0.0472638732269456	0.679381688936235	1317	23	0.0165640530475913	13422000	47
20220529 155831	binary	custom	TRUE	TRUE	FALSE	-100	240007	-1	0	0	0	31	105	TRUE	240007	0.0389156074157732	0.630796345770047	813	838	0.0155378075559433	13229000	48
20220529 155849	binary	custom	TRUE	TRUE	FALSE	-100	240007	-1	0	0	0	31	56	TRUE	240007	0.0776188784705568	0.514012023654556	5241	88	0.0207343134562373	12762000	49
20220529 155859	binary	custom	TRUE	TRUE	FALSE	-100	240007	-1	0	0	0	31	25	TRUE	240007	0.12769461386524	0.905765414835934	3743	1024	0.0171232901298926	12560000	50
20220529 155929	binary	custom	TRUE	TRUE	FALSE	-100	240007	-1	0	0	0	31	122	TRUE	240007	0.0274151191321451	0.581100692485017	2002	17	0.0133132083835055	13746000	51
20220529 155941	binary	custom	TRUE	TRUE	FALSE	-100	240007	-1	0	0	0	31	34	TRUE	240007	0.220768573734085	0.523963524068387	6943	707	0.014971187940993	13004000	52
20220529 160002	binary	custom	TRUE	TRUE	FALSE	-100	240007	-1	0	0	0	31	85	TRUE	240007	0.0706583837134337	0.508530261741483	5274	16	0.0137981131979739	13337000	53
20220529 160053	binary	custom	TRUE	TRUE	FALSE	-100	240007	-1	0	0	0	31	274	TRUE	240007	0.023186745794614	0.507056727306039	5524	1007	0.0129241925883329	13079000	54
20220529 160102	binary	custom	TRUE	TRUE	FALSE	-100	240007	-1	0	0	0	31	30	TRUE	240007	0.182546844853392	0.617560978294404	4280	202	0.0136325955425524	12250000	55
20220529 160118	binary	custom	TRUE	TRUE	FALSE	-100	240007	-1	0	0	0	31	53	TRUE	240007	0.0869437752740648	0.381633368657419	7989	522	0.0171083834413018	13281000	56
20220529 160132	binary	custom	TRUE	TRUE	FALSE	-100	240007	-1	0	0	0	31	93	TRUE	240007	0.0899479479676228	0.824827470636361	6454	16	0.0168066914421021	13074000	57
20220529 160154	binary	custom	TRUE	TRUE	FALSE	-100	240007	-1	0	0	0	31	150	TRUE	240007	0.0558828377159019	0.238884180050528	7989	774	0.0146448362422701	13294000	58
20220529 160202	binary	custom	TRUE	TRUE	FALSE	-100	240007	-1	0	0	0	31	20	TRUE	240007	0.267278660075527	0.999711510034742	5713	555	0.0150015188467243	12807000	59
20220529 160210	binary	custom	TRUE	TRUE	FALSE	-100	240007	-1	0	0	0	31	19	TRUE	240007	0.258231032111129	0.852877749826969	8000	1015	0.0128808036013501	12630000	60
20220529 160308	binary	custom	TRUE	TRUE	FALSE	-100	240007	-1	0	0	0	31	351	TRUE	240007	0.0238340457568604	0.268575733922364	1544	987	0.0141781223346734	13130000	61
20220529 160329	binary	custom	TRUE	TRUE	FALSE	-100	240007	-1	0	0	0	31	35	TRUE	240007	0.0800740619321218	0.477809124760487	1673	16	0.0149433487356052	13195000	62
20220529 160342	binary	custom	TRUE	TRUE	FALSE	-100	240007	-1	0	0	0	31	71	TRUE	240007	0.0839180181467795	0.799051792950091	6730	968	0.0149153916531374	12868000	63
20220529 160416	binary	custom	TRUE	TRUE	FALSE	-100	240007	-1	0	0	0	31	228	TRUE	240007	0.0343899000192086	0.284290109852811	7988	16	0.0130754688356095	13140000	64
20220529 160429	binary	custom	TRUE	TRUE	FALSE	-100	240007	-1	0	0	0	31	65	TRUE	240007	0.115543027284034	0.217164997421736	7964	17	0.0153988974736186	13194000	65
20220529 160437	binary	custom	TRUE	TRUE	FALSE	-100	240007	-1	0	0	0	31	27	TRUE	240007	0.241109353909451	0.866663226433878	7997	28	0.0167373115314659	12914000	66
20220529 160523	binary	custom	TRUE	TRUE	FALSE	-100	240007	-1	0	0	0	31	416	TRUE	240007	0.0312481360950838	0.242700328317439	7709	21	0.021736428593331	12815000	67
20220529 160552	binary	custom	TRUE	TRUE	FALSE	-100	240007	-1	0	0	0	31	195	TRUE	240007	0.0390703755335511	0.206968874564863	6087	44	0.0154326172320849	13440000	68
20220529 160644	binary	custom	TRUE	TRUE	FALSE	-100	240007	-1	0	0	0	31	244	TRUE	240007	0.0191952590157822	0.589091731749658	2794	16	0.0247393709399773	12565000	69
20220529 160657	binary	custom	TRUE	TRUE	FALSE	-100	240007	-1	0	0	0	31	52	TRUE	240007	0.102221012120889	0.998910973081438	2773	515	0.0231695810445223	12424000	70
20220529 160712	binary	custom	TRUE	TRUE	FALSE	-100	240007	-1	0	0	0	31	69	TRUE	240007	0.151814853537721	0.340482828596267	7997	603	0.0199789297762715	13210000	71
20220529 160720	binary	custom	TRUE	TRUE	FALSE	-100	240007	-1	0	0	0	31	26	TRUE	240007	0.2106543792431	0.998298697316366	7999	844	0.019703553671043	12607000	72
20220529 160738	binary	custom	TRUE	TRUE	FALSE	-100	240007	-1	0	0	0	31	96	TRUE	240007	0.0636600847604974	0.240921399171268	7991	956	0.0196128288378604	13174000	73
20220529 160812	binary	custom	TRUE	TRUE	FALSE	-100	240007	-1	0	0	0	31	68	TRUE	240007	0.0255450927408402	0.610242212900735	1435	695	0.0168550947593048	13346000	74
20220529 160842	binary	custom	TRUE	TRUE	FALSE	-100	240007	-1	0	0	0	31	142	TRUE	240007	0.024625351632856	0.637561126816753	3734	102	0.0123350486560255	12863000	75
20220529 160852	binary	custom	TRUE	TRUE	FALSE	-100	240007	-1	0	0	0	31	31	TRUE	240007	0.182999126675556	0.205085435410663	7998	865	0.017917292107754	12815000	76
20220529 160907	binary	custom	TRUE	TRUE	FALSE	-100	240007	-1	0	0	0	31	58	TRUE	240007	0.119878836107921	0.420749075414248	7986	22	0.0190197485847984	13208000	77
20220529 160918	binary	custom	TRUE	TRUE	FALSE	-100	240007	-1	0	0	0	31	51	TRUE	240007	0.257100913680583	0.20692376834925	7999	411	0.0221606325415196	12635000	78
20220529 160931	binary	custom	TRUE	TRUE	FALSE	-100	240007	-1	0	0	0	31	59	TRUE	240007	0.120770086660694	0.204451467498723	7997	850	0.0224873520172914	12629000	79
20220529 160941	binary	custom	TRUE	TRUE	FALSE	-100	240007	-1	0	0	0	31	25	TRUE	240007	0.29964544131047	0.610476529140324	6171	767	0.00840409642262676	10764000	80
20220529 160950	binary	custom	TRUE	TRUE	FALSE	-100	240007	-1	0	0	0	31	6	TRUE	240007	0.244452577302778	0.999775243866862	1398	1002	0.014933619475472	11632000	81
20220529 161008	binary	custom	TRUE	TRUE	FALSE	-100	240007	-1	0	0	0	31	51	TRUE	240007	0.0268910024856306	0.816660604653428	1258	16	0.0136672016741237	13544000	82
20220529 161044	binary	custom	TRUE	TRUE	FALSE	-100	240007	-1	0	0	0	31	179	TRUE	240007	0.0241534594899645	0.579767395807907	1290	22	0.0154983126982492	13601000	83
20220529 161204	binary	custom	TRUE	TRUE	FALSE	-100	240007	-1	0	0	0	31	288	TRUE	240007	0.011119337163574	0.711130382746831	1149	397	0.0142365318108814	13736000	84
20220529 161348	binary	custom	TRUE	TRUE	FALSE	-100	240007	-1	0	0	0	31	463	TRUE	240007	0.0100685187840936	0.459500637793758	2548	907	0.0157235672465125	13524000	85
20220529 161429	binary	custom	TRUE	TRUE	FALSE	-100	240007	-1	0	0	0	31	136	TRUE	240007	0.0225193475663244	0.71995815906187	1174	52	0.0139874365277902	13697000	86
20220529 161512	binary	custom	TRUE	TRUE	FALSE	-100	240007	-1	0	0	0	31	111	TRUE	240007	0.0260636767643267	0.689762828766659	1438	378	0.0150109634517574	13576000	87
20220529 161622	binary	custom	TRUE	TRUE	FALSE	-100	240007	-1	0	0	0	31	308	TRUE	240007	0.0157828275742623	0.547779889307905	2683	60	0.015579470590194	13377000	88
20220529 161800	binary	custom	TRUE	TRUE	FALSE	-100	240007	-1	0	0	0	31	619	TRUE	240007	0.0105021101217576	0.331101386329308	4264	830	0.015093334933914	13252000	89
20220529 161859	binary	custom	TRUE	TRUE	FALSE	-100	240007	-1	0	0	0	31	189	TRUE	240007	0.015058571686	0.737925884115514	1175	651	0.0158818159925446	13732000	90
20220529 162049	binary	custom	TRUE	TRUE	FALSE	-100	240007	-1	0	0	0	31	562	TRUE	240007	0.0104107679560096	0.375609553257031	2112	418	0.0139036938580048	13357000	91
20220529 162109	binary	custom	TRUE	TRUE	FALSE	-100	240007	-1	0	0	0	31	115	TRUE	240007	0.0727006360236488	0.278169798421317	6761	370	0.0152127500001594	13002000	92
20220529 162134	binary	custom	TRUE	TRUE	FALSE	-100	240007	-1	0	0	0	31	94	TRUE	240007	0.0446337515429812	0.502499478261836	7995	781	0.018634207250097	13073000	93
20220529 162316	binary	custom	TRUE	TRUE	FALSE	-100	240007	-1	0	0	0	31	520	TRUE	240007	0.0104662268270793	0.3397935305076	2258	1022	0.0187098349016075	13510000	94
20220529 162423	binary	custom	TRUE	TRUE	FALSE	-100	240007	-1	0	0	0	31	642	TRUE	240007	0.0105696883836525	0.98631770050176	7316	16	0.0172337615997899	12642000	95
20220529 162522	binary	custom	TRUE	TRUE	FALSE	-100	240007	-1	0	0	0	31	364	TRUE	240007	0.0101118123766372	0.971856752120708	3015	16	0.0158274291210539	13166000	96
20220529 162538	binary	custom	TRUE	TRUE	FALSE	-100	240007	-1	0	0	0	31	64	TRUE	240007	0.112307039694367	0.399695739797771	7553	1024	0.0154748403164013	13367000	97
20220529 162601	binary	custom	TRUE	TRUE	FALSE	-100	240007	-1	0	0	0	31	103	TRUE	240007	0.0611437813084136	0.42790831947458	5807	797	0.0163217665429055	13466000	98
20220529 162621	binary	custom	TRUE	TRUE	FALSE	-100	240007	-1	0	0	0	31	96	TRUE	240007	0.039981849888092	0.732239461210033	4832	716	0.0162968309697546	1.3e+07	99
20220529 162716	binary	custom	TRUE	TRUE	FALSE	-100	240007	-1	0	0	0	31	364	TRUE	240007	0.0165576042153196	0.280815070970612	2055	16	0.0138138993644674	13372000	100
20220529 162743	binary	custom	TRUE	TRUE	FALSE	-100	240007	-1	0	0	0	31	160	TRUE	240007	0.0408756900709039	0.232960808584475	4732	16	0.0120869994697	12953000	101
20220529 162911	binary	custom	TRUE	TRUE	FALSE	-100	240007	-1	0	0	0	31	308	TRUE	240007	0.0102067806303527	0.281167839019612	1110	311	0.0193063387872699	13045000	102
20220529 162927	binary	custom	TRUE	TRUE	FALSE	-100	240007	-1	0	0	0	31	71	TRUE	240007	0.121675798174227	0.581635137724871	7988	16	0.0170427380739003	13035000	103
20220529 162943	binary	custom	TRUE	TRUE	FALSE	-100	240007	-1	0	0	0	31	48	TRUE	240007	0.105068856443705	0.371958960274975	3256	1006	0.0158848069845939	13144000	104
20220529 162952	binary	custom	TRUE	TRUE	FALSE	-100	240007	-1	0	0	0	31	32	TRUE	240007	0.210947666637712	0.806555197872547	7470	508	0.0173072864573164	13004000	105
20220529 163017	binary	custom	TRUE	TRUE	FALSE	-100	240007	-1	0	0	0	31	133	TRUE	240007	0.0477312910739379	0.200446784753453	2088	938	0.0198109823076884	13205000	106
20220529 163112	binary	custom	TRUE	TRUE	FALSE	-100	240007	-1	0	0	0	31	179	TRUE	240007	0.0168715915968223	0.736377230687423	1125	408	0.0161430616323042	13386000	107
20220529 163235	binary	custom	TRUE	TRUE	FALSE	-100	240007	-1	0	0	0	31	344	TRUE	240007	0.0100921702260395	0.72313174471216	1369	796	0.0136990604161704	13474000	108
20220529 163413	binary	custom	TRUE	TRUE	FALSE	-100	240007	-1	0	0	0	31	459	TRUE	240007	0.0106979110451429	0.585449216716469	2092	502	0.0142293154052404	13431000	109
20220529 163456	binary	custom	TRUE	TRUE	FALSE	-100	240007	-1	0	0	0	31	175	TRUE	240007	0.0110005697100435	0.925555946087349	1311	21	0.0124858002060837	13212000	110
20220529 163541	binary	custom	TRUE	TRUE	FALSE	-100	240007	-1	0	0	0	31	206	TRUE	240007	0.0218697080277193	0.710270900441316	2316	1023	0.0205157300492932	12839000	111
20220529 163725	binary	custom	TRUE	TRUE	FALSE	-100	240007	-1	0	0	0	31	395	TRUE	240007	0.0101653477625999	0.404672571478403	1261	961	0.0167678287799252	13322000	112
20220529 163736	binary	custom	TRUE	TRUE	FALSE	-100	240007	-1	0	0	0	31	45	TRUE	240007	0.076159969210597	0.988338127261767	2372	16	0.0156461273219305	13407000	113
20220529 163808	binary	custom	TRUE	TRUE	FALSE	-100	240007	-1	0	0	0	31	126	TRUE	240007	0.0241780759637408	0.769660301997643	1908	51	0.0168210989923477	13423000	114
20220529 163846	binary	custom	TRUE	TRUE	FALSE	-100	240007	-1	0	0	0	31	116	TRUE	240007	0.0301163814966613	0.576601369028107	1386	217	0.0130213031184705	13433000	115
20220529 164037	binary	custom	TRUE	TRUE	FALSE	-100	240007	-1	0	0	0	31	893	TRUE	240007	0.0107839627166049	0.314923168832474	7328	1024	0.0157971155374923	13049000	116
20220529 164107	binary	custom	TRUE	TRUE	FALSE	-100	240007	-1	0	0	0	31	144	TRUE	240007	0.0345865348737725	0.379761971071635	5164	16	0.0161088049027512	13367000	117
20220529 164118	binary	custom	TRUE	TRUE	FALSE	-100	240007	-1	0	0	0	31	33	TRUE	240007	0.0951523616984338	0.999590628424073	5811	589	0.019389186686547	12837000	118
20220529 164253	binary	custom	TRUE	TRUE	FALSE	-100	240007	-1	0	0	0	31	535	TRUE	240007	0.0100997879508814	0.289838425881951	2579	710	0.0211006968162982	13038000	119
20220529 164313	binary	custom	TRUE	TRUE	FALSE	-100	240007	-1	0	0	0	31	69	TRUE	240007	0.0576683040774671	0.337818965123471	3627	907	0.0183615466215384	13390000	120
