fecha	gamma	alpha	lambda	subsample	tree_method	grow_policy	max_bin	max_leaves	scale_pos_weight	eta	colsample_bytree	min_child_weight	max_depth	prob_corte	nrounds	ganancia	iteracion
20220529 153753	0	0	0	1	auto	depthwise	256	0	1	0.205386763578048	0.956050757411868	3	6	0.0480046002276746	15	7538000	1
20220529 154046	0	0	0	1	auto	depthwise	256	0	1	0.109308269706438	0.419548013648018	4	5	0.032195161152049	84	10843000	2
20220529 154418	0	0	0	1	auto	depthwise	256	0	1	0.254422423174372	0.572489692950621	8	20	0.0188774450104878	9	11091000	3
20220529 154803	0	0	0	1	auto	depthwise	256	0	1	0.186120475863107	0.525968585787341	7	19	0.0263384016337416	9	9739000	4
20220529 155607	0	0	0	1	auto	depthwise	256	0	1	0.124688872900326	0.968649723641575	7	14	0.0280576349464051	29	11095000	5
20220529 162526	0	0	0	1	auto	depthwise	256	0	1	0.0180165237828624	0.70900792199187	5	11	0.0382275170156693	315	9806000	6
20220529 163030	0	0	0	1	auto	depthwise	256	0	1	0.0710535184682812	0.349206252656877	6	15	0.0294501005589458	48	10417000	7
20220529 163244	0	0	0	1	auto	depthwise	256	0	1	0.27623293327284	0.447221376914531	0	9	0.0159060803746494	4	9091000	8
20220529 163903	0	0	0	1	auto	depthwise	256	0	1	0.14146112557163	0.512940845517442	1	25	0.0083604310178392	22	8679000	9
20220529 164324	0	0	0	1	auto	depthwise	256	0	1	0.269462147968705	0.806833406761289	8	16	0.0408911990176421	6	8059000	10
20220529 165130	0	0	0	1	auto	depthwise	256	0	1	0.0934742189180106	0.781163311684504	10	27	0.0227727812535401	32	11702000	11
20220529 165354	0	0	0	1	auto	depthwise	256	0	1	0.22444166625943	0.385642516603693	0	23	0.0433410728723781	1	1385000	12
20220529 165957	0	0	0	1	auto	depthwise	256	0	1	0.126465529812383	0.617314979825169	9	28	0.0472968022106215	31	7476000	13
20220529 170429	0	0	0	1	auto	depthwise	256	0	1	0.229566059406498	0.859256467800587	9	13	0.0186568082538239	13	11184000	14
20220529 170639	0	0	0	1	auto	depthwise	256	0	1	0.174677810389083	0.253051835438237	3	8	0.0349704304317129	53	8466000	15
20220529 172037	0	0	0	1	auto	depthwise	256	0	1	0.0599508019046625	0.645700099878013	1	24	0.0361075601763635	56	6447000	16
20220529 172331	0	0	0	1	auto	depthwise	256	0	1	0.0257869036777411	0.297641828870401	2	2	0.0110083733020777	230	12551000	17
20220529 172831	0	0	0	1	auto	depthwise	256	0	1	0.292375544047565	0.74063617778942	5	30	0.0241156005936015	8	9256000	18
20220529 173500	0	0	0	1	auto	depthwise	256	0	1	0.0459735208580969	0.22006597103551	10	21	0.0132062672821727	161	13271000	19
20220529 173725	0	0	0	1	auto	depthwise	256	0	1	0.162572652429226	0.905616191625595	4	3	0.0446233791236106	49	8770000	20
20220529 174056	0	0	0	1	auto	depthwise	256	0	1	0.020064523542645	0.200021994502345	10	2	0.0100296101886761	395	12642000	21
20220529 175616	0	0	0	1	auto	depthwise	256	0	1	0.0101853902697761	0.30555175598609	10	30	0.00835171018265304	77	12188000	22
20220529 180604	0	0	0	1	auto	depthwise	256	0	1	0.0101180560657353	0.204434944137593	5	2	0.0171595572107902	1465	13236000	23
20220529 183500	0	0	0	1	auto	depthwise	256	0	1	0.0100631521658229	0.99989070949989	4	2	0.0164900771465826	1547	13166000	24
20220529 185253	0	0	0	1	auto	depthwise	256	0	1	0.0101542523440512	0.200876032589143	8	8	0.0144500721714689	834	13031000	25
20220529 185602	0	0	0	1	auto	depthwise	256	0	1	0.0466926306315269	0.608504627943048	5	2	0.0141684904909539	157	12813000	26
20220529 190818	0	0	0	1	auto	depthwise	256	0	1	0.0103478569664733	0.203972934164783	10	18	0.0152467308756622	160	12976000	27
20220529 191019	0	0	0	1	auto	depthwise	256	0	1	0.0797323057723403	0.200306763659468	7	2	0.0152635387412158	271	13633000	28
20220529 191101	0	0	0	1	auto	depthwise	256	0	1	0.298830863499976	0.200431873056863	9	2	0.0127503379020137	62	12764000	29
20220529 191240	0	0	0	1	auto	depthwise	256	0	1	0.299872945227822	0.200524838556217	10	29	0.00844280753955166	24	10985000	30
20220529 194908	0	0	0	1	auto	depthwise	256	0	1	0.0174605968887324	0.999994496564371	8	22	0.0117282457109844	125	13277000	31
20220529 195020	0	0	0	1	auto	depthwise	256	0	1	0.0956265763378082	0.200355155567728	6	2	0.0098022996457973	114	12991000	32
20220529 195145	0	0	0	1	auto	depthwise	256	0	1	0.0759956975458873	0.20035656989155	8	2	0.0184377472093291	170	13689000	33
20220529 200856	0	0	0	1	auto	depthwise	256	0	1	0.0146742312388305	0.999817590786192	8	2	0.0210251757748969	862	12697000	34
20220529 201052	0	0	0	1	auto	depthwise	256	0	1	0.0957102770477216	0.200192823720745	10	4	0.01685724421609	131	13632000	35
20220529 201217	0	0	0	1	auto	depthwise	256	0	1	0.096496041655061	0.200358427327859	9	2	0.0164234148222256	189	13651000	36
20220529 201435	0	0	0	1	auto	depthwise	256	0	1	0.0775636737117436	0.208217668833284	8	4	0.0165191359427043	170	13168000	37
20220529 201546	0	0	0	1	auto	depthwise	256	0	1	0.0995078650902118	0.200006347770651	10	2	0.0222443410026605	137	13374000	38
20220529 201840	0	0	0	1	auto	depthwise	256	0	1	0.0377350820937284	0.201011164178218	10	2	0.0188925955200833	416	13659000	39
20220529 210855	0	0	0	1	auto	depthwise	256	0	1	0.0102092924820285	0.999954674127823	10	23	0.0131383653822341	153	13689000	40
20220529 212815	0	0	0	1	auto	depthwise	256	0	1	0.0435278226789107	0.999449570969868	10	30	0.0133703093184161	86	13252000	41
20220529 212924	0	0	0	1	auto	depthwise	256	0	1	0.138128285123947	0.204221460246239	10	2	0.0186103409998705	116	13534000	42
20220529 213229	0	0	0	1	auto	depthwise	256	0	1	0.0712938399881165	0.200406198634873	10	9	0.0168624925787619	106	12828000	43
20220529 213411	0	0	0	1	auto	depthwise	256	0	1	0.0973420859705501	0.239990060049774	10	2	0.013913113396609	212	13306000	44
20220529 224151	0	0	0	1	auto	depthwise	256	0	1	0.0104258652223951	0.737110675755436	10	21	0.00839529268074715	691	12241000	45
20220529 233933	0	0	0	1	auto	depthwise	256	0	1	0.0100044957549581	0.997003443508884	9	25	0.0149188823782243	196	13261000	46
20220530 001531	0	0	0	1	auto	depthwise	256	0	1	0.0103102312432965	0.997691493848746	6	2	0.0125947545692039	2089	13577000	47
20220530 001730	0	0	0	1	auto	depthwise	256	0	1	0.299898404009064	0.999829610315417	6	2	0.0180104570809796	65	12718000	48
20220530 001813	0	0	0	1	auto	depthwise	256	0	1	0.298180635157557	0.225083847731993	10	2	0.0201996339346292	59	13196000	49
20220530 001936	0	0	0	1	auto	depthwise	256	0	1	0.0979703071272923	0.201449254722712	7	2	0.0184710832253621	168	13296000	50
20220530 010722	0	0	0	1	auto	depthwise	256	0	1	0.0100669752889831	0.998522327060481	6	16	0.0133193578071364	104	12943000	51
20220530 012152	0	0	0	1	auto	depthwise	256	0	1	0.0101408317150952	0.200249442086784	7	2	0.0132115757659688	2464	13646000	52
20220530 012754	0	0	0	1	auto	depthwise	256	0	1	0.0841954552816516	0.998873275319319	10	2	0.0318521636824413	317	11132000	53
20220530 021813	0	0	0	1	auto	depthwise	256	0	1	0.0113615182821506	0.999876326809473	10	21	0.0156560297859118	202	13588000	54
20220530 022256	0	0	0	1	auto	depthwise	256	0	1	0.0153660800295288	0.200164390306164	8	2	0.0296067774996826	598	12128000	55
20220530 023309	0	0	0	1	auto	depthwise	256	0	1	0.0797193294390272	0.999160875672704	10	23	0.0144753226506922	27	12888000	56
20220530 025245	0	0	0	1	auto	depthwise	256	0	1	0.0101016757758716	0.226031909229816	10	23	0.0155226382172238	409	12878000	57
20220530 031522	0	0	0	1	auto	depthwise	256	0	1	0.0142834952835314	0.998999364261763	10	2	0.0153052507824665	1264	13501000	58
20220530 033255	0	0	0	1	auto	depthwise	256	0	1	0.0107240594314498	0.998938256844672	7	2	0.0150195513125508	753	12927000	59
20220530 040551	0	0	0	1	auto	depthwise	256	0	1	0.0102312486122402	0.999686292940274	4	2	0.0106266548859463	1822	12974000	60
20220530 042302	0	0	0	1	auto	depthwise	256	0	1	0.0120354192139427	0.999767486643014	3	2	0.026266515176662	751	11841000	61
20220530 043959	0	0	0	1	auto	depthwise	256	0	1	0.0100873199691228	0.200847316179452	8	21	0.0124539738329047	300	12683000	62
20220530 050904	0	0	0	1	auto	depthwise	256	0	1	0.010164184539688	0.996324200842281	10	7	0.0135108390307225	172	13943000	63
20220530 055147	0	0	0	1	auto	depthwise	256	0	1	0.0102640473470578	0.998628060159035	6	8	0.0123623891841711	361	13443000	64
20220530 055318	0	0	0	1	auto	depthwise	256	0	1	0.29976096247108	0.995006153489082	6	2	0.00834606332966392	28	11438000	65
20220530 062622	0	0	0	1	auto	depthwise	256	0	1	0.0150410442021008	0.999815317626242	10	6	0.0114838248948084	533	13368000	66
20220530 063853	0	0	0	1	auto	depthwise	256	0	1	0.0182580962397399	0.998926381029829	0	2	0.0129237619601504	517	12945000	67
20220530 071222	0	0	0	1	auto	depthwise	256	0	1	0.0105317153298882	0.998859452144759	10	7	0.0175435303114657	290	13582000	68
20220530 071317	0	0	0	1	auto	depthwise	256	0	1	0.297634989844393	0.202894055790283	6	2	0.0153901865062308	73	12512000	69
20220530 144132	0	0	0	1	auto	depthwise	256	0	1	0.0102960116538965	0.999628133980504	10	13	0.0135976934235473	206	13725000	70
20220530 153051	0	0	0	1	auto	depthwise	256	0	1	0.0105155718546784	0.981808121383906	10	19	0.0130136574559717	187	13824000	71
20220530 153133	0	0	0	1	auto	depthwise	256	0	1	0.29710090059016	0.200038102590988	6	2	0.0152054619825303	40	12706000	72
20220530 153607	0	0	0	1	auto	depthwise	256	0	1	0.0343678889353205	0.20025500987674	6	2	0.0134684619382724	739	13733000	73
20220530 153852	0	0	0	1	auto	depthwise	256	0	1	0.297990570071346	0.999769034071462	10	2	0.0174307411614985	131	12822000	74
20220530 154051	0	0	0	1	auto	depthwise	256	0	1	0.299562837643129	0.604238997803486	8	2	0.0276440452715609	140	11669000	75
20220530 164315	0	0	0	1	auto	depthwise	256	0	1	0.0102588097660961	0.972486839411807	6	30	0.0125694636218365	141	13097000	76
20220530 164738	0	0	0	1	auto	depthwise	256	0	1	0.0803005966957513	0.999533007960099	2	2	0.0138073179762445	187	13236000	77
20220530 170754	0	0	0	1	auto	depthwise	256	0	1	0.0201021843285636	0.613654358174695	10	30	0.0130865464783411	132	13430000	78
20220530 173232	0	0	0	1	auto	depthwise	256	0	1	0.0116491897473588	0.999830056967506	1	2	0.0195480013663085	1256	12914000	79
20220530 174933	0	0	0	1	auto	depthwise	256	0	1	0.010163754570196	0.659029495243085	10	2	0.0180137751096196	1150	13442000	80
20220530 175133	0	0	0	1	auto	depthwise	256	0	1	0.0751530633555471	0.200343171443705	3	2	0.0151134538329584	253	13422000	81
20220530 183701	0	0	0	1	auto	depthwise	256	0	1	0.0100420649714721	0.746784928463707	10	26	0.0176283305114647	252	13208000	82
20220530 183824	0	0	0	1	auto	depthwise	256	0	1	0.0782574155979458	0.204720538114157	10	2	0.0181189347519422	129	13435000	83
20220530 185410	0	0	0	1	auto	depthwise	256	0	1	0.0103976118902985	0.20031230780546	10	5	0.0147861237506377	1202	13296000	84
20220530 191847	0	0	0	1	auto	depthwise	256	0	1	0.0148693702994144	0.986603593147632	10	9	0.0134484254872404	123	13758000	85
20220530 192106	0	0	0	1	auto	depthwise	256	0	1	0.114798136951887	0.200100781913588	10	30	0.0136397987378752	19	12584000	86
20220530 192415	0	0	0	1	auto	depthwise	256	0	1	0.0409347637034752	0.202326442741058	8	2	0.0204578932996028	465	13331000	87
20220530 193912	0	0	0	1	auto	depthwise	256	0	1	0.0102074668619137	0.340021438802364	10	2	0.0248852522521277	1789	12673000	88
20220530 194125	0	0	0	1	auto	depthwise	256	0	1	0.067807833474671	0.200501179628812	6	2	0.0128434492820762	301	13611000	89
20220530 194334	0	0	0	1	auto	depthwise	256	0	1	0.118089741865467	0.201409129390957	10	16	0.0182612943149627	26	12251000	90
20220530 194651	0	0	0	1	auto	depthwise	256	0	1	0.1440708100198	0.997598245710615	3	2	0.0188822311608404	146	12731000	91
20220530 194939	0	0	0	1	auto	depthwise	256	0	1	0.144406681085315	0.986924968532074	10	2	0.0172846488615923	119	13229000	92
20220530 195300	0	0	0	1	auto	depthwise	256	0	1	0.0867081370773058	0.210743009856032	6	30	0.0123794841698325	27	12796000	93
20220530 195633	0	0	0	1	auto	depthwise	256	0	1	0.0617580662254765	0.469043728317392	10	4	0.0196644129612032	119	13102000	94
20220530 195954	0	0	0	1	auto	depthwise	256	0	1	0.0796875081461725	0.923235984789427	3	2	0.0197463916799794	141	12333000	95
20220530 201629	0	0	0	1	auto	depthwise	256	0	1	0.016228855358178	0.997127576153957	9	4	0.0130957184830788	291	13471000	96
20220530 201948	0	0	0	1	auto	depthwise	256	0	1	0.033260616351011	0.204884787793274	2	2	0.0172737451389535	399	13632000	97
20220530 214419	0	0	0	1	auto	depthwise	256	0	1	0.0103814919144404	0.999156677295101	2	29	0.0176388234736098	195	10751000	98
20220530 224022	0	0	0	1	auto	depthwise	256	0	1	0.0100873513986544	0.922170980495606	9	30	0.0112603948004582	216	13383000	99
20220530 232638	0	0	0	1	auto	depthwise	256	0	1	0.0101016838698583	0.796290666535614	10	21	0.0134249298516232	248	13617000	100
20220530 232759	0	0	0	1	auto	depthwise	256	0	1	0.18807551030257	0.205730810013556	10	7	0.0135780800938218	21	12448000	101
20220530 232918	0	0	0	1	auto	depthwise	256	0	1	0.0720533582840776	0.200421584410576	0	2	0.0164337389379571	133	13227000	102
20220531 001728	0	0	0	1	auto	depthwise	256	0	1	0.0100050025438715	0.685349329543336	8	30	0.0182096819156892	241	12769000	103
20220531 022912	0	0	0	1	auto	depthwise	256	0	1	0.0106060446965801	0.203719303175842	9	2	0.0190332086152746	1391	13222000	104
20220531 023009	0	0	0	1	auto	depthwise	256	0	1	0.255631772945239	0.300720813502954	10	2	0.0171379704372302	61	12754000	105
20220531 023239	0	0	0	1	auto	depthwise	256	0	1	0.161294875313375	0.997875954502325	6	2	0.0133299435662864	89	13123000	106
20220531 024239	0	0	0	1	auto	depthwise	256	0	1	0.133500151587449	0.999476880619608	7	30	0.0116850511678163	25	12566000	107
20220531 024957	0	0	0	1	auto	depthwise	256	0	1	0.0100919088783665	0.200569380153896	1	2	0.0159439023240468	921	13447000	108
20220531 032749	0	0	0	1	auto	depthwise	256	0	1	0.0102050217120488	0.999750526271523	2	8	0.013987044313351	206	13052000	109
20220531 043158	0	0	0	1	auto	depthwise	256	0	1	0.0101167902442593	0.997402125050725	10	30	0.0269784467629733	304	11488000	110
20220531 044202	0	0	0	1	auto	depthwise	256	0	1	0.0472790878062818	0.538240879201256	8	30	0.0120767781006486	50	13088000	111
20220531 044547	0	0	0	1	auto	depthwise	256	0	1	0.129069050428368	0.999847402458168	0	2	0.014880875520703	171	12852000	112
20220531 053106	0	0	0	1	auto	depthwise	256	0	1	0.0102602519536906	0.95749488994441	10	16	0.0133231165869927	181	13751000	113
20220531 053327	0	0	0	1	auto	depthwise	256	0	1	0.190990061538211	0.999920712512098	3	2	0.0137646321368758	80	12759000	114
20220531 053419	0	0	0	1	auto	depthwise	256	0	1	0.299958382592777	0.341975989129174	8	2	0.0181077915034348	51	12916000	115
20220531 053506	0	0	0	1	auto	depthwise	256	0	1	0.15358773601993	0.212566192196632	10	2	0.0283403487727167	58	12422000	116
20220531 053834	0	0	0	1	auto	depthwise	256	0	1	0.130461709458043	0.999696217157622	4	2	0.0130903449331326	156	13192000	117
20220531 054135	0	0	0	1	auto	depthwise	256	0	1	0.109720476463852	0.967904981959263	10	2	0.0192334717786968	128	13161000	118
20220531 054953	0	0	0	1	auto	depthwise	256	0	1	0.0140355705564109	0.20014513101527	10	2	0.0499617565035654	1296	7884000	119
20220531 055442	0	0	0	1	auto	depthwise	256	0	1	0.0368886881320816	0.388967605417665	8	2	0.0132571928487724	494	13495000	120
20220531 055747	0	0	0	1	auto	depthwise	256	0	1	0.164568994828701	0.999293470025834	10	2	0.0240660783993111	133	12228000	121
