fecha	gamma	alpha	lambda	subsample	tree_method	grow_policy	max_bin	max_depth	scale_pos_weight	eta	colsample_bytree	min_child_weight	max_leaves	prob_corte	nrounds	ganancia	iteracion
20220529 153715	0	0	0	1	hist	lossguide	256	0	1	0.227662778330618	0.364393490934744	3	737	0.0348731964084436	7	7794000	1
20220529 153752	0	0	0	1	hist	lossguide	256	0	1	0.124254211341613	0.620732169458643	6	668	0.0363682762874911	21	7814000	2
20220529 153914	0	0	0	1	hist	lossguide	256	0	1	0.0385018549322849	0.517896501431242	5	171	0.0284886661422206	75	10377000	3
20220529 153946	0	0	0	1	hist	lossguide	256	0	1	0.189876673409017	0.791002329345793	4	594	0.03103877625108	10	8852000	4
20220529 154020	0	0	0	1	hist	lossguide	256	0	1	0.13220977232547	0.961585424765945	8	853	0.0236003863440904	18	10898000	5
20220529 154043	0	0	0	1	hist	lossguide	256	0	1	0.169579226115136	0.562035071300343	0	389	0.0151697710811277	2	870000	6
20220529 154112	0	0	0	1	hist	lossguide	256	0	1	0.205332077905536	0.411132716480643	5	545	0.0395632314680067	10	7485000	7
20220529 154159	0	0	0	1	hist	lossguide	256	0	1	0.06509245492646	0.477342304103076	8	113	0.0112966694238518	33	13354000	8
20220529 154224	0	0	0	1	hist	lossguide	256	0	1	0.258869529448915	0.879067636700347	9	645	0.0205648328129125	9	11274000	9
20220529 154342	0	0	0	1	hist	lossguide	256	0	1	0.0416853141295724	0.718266712268814	3	468	0.0492214445834785	45	5325000	10
20220529 154443	0	0	0	1	hist	lossguide	256	0	1	0.0843554260525852	0.743421897310764	1	773	0.0214815675800007	13	7400000	11
20220529 154513	0	0	0	1	hist	lossguide	256	0	1	0.160730999834021	0.810906850071624	9	313	0.0410670110000259	13	8351000	12
20220529 155011	0	0	0	1	hist	lossguide	256	0	1	0.0178269537012093	0.311305816033855	0	222	0.0255827950784199	240	1339000	13
20220529 155034	0	0	0	1	hist	lossguide	256	0	1	0.28071310608869	0.659914166629314	7	33	0.0183813008547683	8	11047000	14
20220529 155105	0	0	0	1	hist	lossguide	256	0	1	0.251297140607727	0.912644842965529	2	911	0.0463037387070168	3	6994000	15
20220529 155152	0	0	0	1	hist	lossguide	256	0	1	0.07137044905941	0.221757006719708	10	453	0.0430712021829095	53	8636000	16
20220529 155232	0	0	0	1	hist	lossguide	256	0	1	0.100631934043951	0.554934767708182	7	1009	0.0315860936714065	31	9260000	17
20220529 155300	0	0	0	1	hist	lossguide	256	0	1	0.22615196814097	0.326742161782458	3	80	0.0452205989509821	6	6246000	18
20220529 155325	0	0	0	1	hist	lossguide	256	0	1	0.294339708950021	0.26990042200312	10	944	0.00924366954811073	18	10996000	19
20220529 155406	0	0	0	1	hist	lossguide	256	0	1	0.152212052775663	0.93745972815901	1	287	0.013100601870489	3	8157000	20
20220529 155440	0	0	0	1	hist	lossguide	256	0	1	0.184476954281629	0.289155855691063	8	399	0.00834417158603021	10	10955000	21
20220529 155749	0	0	0	1	hist	lossguide	256	0	1	0.0100041762255792	0.638762733421297	9	46	0.00993419279279139	165	12975000	22
20220529 160045	0	0	0	1	hist	lossguide	256	0	1	0.010172763915287	0.894478647119703	7	138	0.00833803389854083	52	12741000	23
20220529 160225	0	0	0	1	hist	lossguide	256	0	1	0.0101849627053782	0.477594429295401	8	5	0.00835227128775982	120	12209000	24
20220529 160311	0	0	0	1	hist	lossguide	256	0	1	0.0616075672302669	0.536587112674598	9	243	0.0157278338905493	32	13499000	25
20220529 160402	0	0	0	1	hist	lossguide	256	0	1	0.0649324478192665	0.737634044904182	8	203	0.0133351964788886	45	12927000	26
20220529 160437	0	0	0	1	hist	lossguide	256	0	1	0.0975831681424917	0.488179388013866	10	143	0.0123097008602973	21	12497000	27
20220529 160543	0	0	0	1	hist	lossguide	256	0	1	0.0483635925217905	0.488311024904111	8	125	0.0193582607570966	54	12752000	28
20220529 160657	0	0	0	1	hist	lossguide	256	0	1	0.029328027203234	0.575541066766356	9	698	0.00836668166234275	10	12009000	29
20220529 160738	0	0	0	1	hist	lossguide	256	0	1	0.0789318141746183	0.558829533975525	9	190	0.0106729124298339	26	12711000	30
20220529 161130	0	0	0	1	hist	lossguide	256	0	1	0.0100925886751137	0.435029485113151	9	442	0.0147193175062721	358	13429000	31
20220529 161447	0	0	0	1	hist	lossguide	256	0	1	0.0103472834471194	0.498856270255172	9	62	0.0149121335527744	194	13144000	32
20220529 161617	0	0	0	1	hist	lossguide	256	0	1	0.0280817950778595	0.482623195582209	7	418	0.0136546073668605	46	13032000	33
20220529 161702	0	0	0	1	hist	lossguide	256	0	1	0.0742778573188636	0.468503178442293	9	832	0.0161055791406159	39	12574000	34
20220529 161956	0	0	0	1	hist	lossguide	256	0	1	0.0119647514091974	0.49464587884946	8	266	0.014305912784744	173	13477000	35
20220529 162318	0	0	0	1	hist	lossguide	256	0	1	0.0111254269816546	0.641365846179394	9	367	0.0156809008582077	255	13145000	36
20220529 162408	0	0	0	1	hist	lossguide	256	0	1	0.0580317113788006	0.431980573299541	8	274	0.0143695950549897	34	13217000	37
20220529 162527	0	0	0	1	hist	lossguide	256	0	1	0.0200683632036753	0.642963016437488	7	26	0.0113566276911388	34	13141000	38
20220529 162631	0	0	0	1	hist	lossguide	256	0	1	0.0489739041388521	0.497020683317003	9	475	0.0159195803961696	34	13032000	39
20220529 163004	0	0	0	1	hist	lossguide	256	0	1	0.0100464859670127	0.925855907264705	10	113	0.0165139418498267	254	13249000	40
20220529 163120	0	0	0	1	hist	lossguide	256	0	1	0.037572712609893	0.99972714654542	5	102	0.0122537441982336	33	12740000	41
20220529 163459	0	0	0	1	hist	lossguide	256	0	1	0.0100130173444112	0.21898588217346	10	677	0.0154286111342256	323	13117000	42
20220529 163820	0	0	0	1	hist	lossguide	256	0	1	0.0101626886177575	0.530432318711251	10	250	0.0185901976410454	262	12954000	43
20220529 164210	0	0	0	1	hist	lossguide	256	0	1	0.0100635259841213	0.584638862316101	7	108	0.0131937903012905	268	13291000	44
20220529 164544	0	0	0	1	hist	lossguide	256	0	1	0.0100223137457898	0.288869006358154	9	981	0.0118980996243448	274	12887000	45
20220529 164752	0	0	0	1	hist	lossguide	256	0	1	0.0101279841373902	0.99410582127632	9	8	0.0119462947820747	195	13318000	46
20220529 165138	0	0	0	1	hist	lossguide	256	0	1	0.0103911423962828	0.894776665234768	9	116	0.0159178676212578	287	13279000	47
20220529 165242	0	0	0	1	hist	lossguide	256	0	1	0.0639803525806955	0.987748009070585	7	3	0.0160509955583969	302	13206000	48
20220529 165308	0	0	0	1	hist	lossguide	256	0	1	0.254677312687736	0.200057085925952	10	109	0.0220781333694025	14	10957000	49
20220529 165720	0	0	0	1	hist	lossguide	256	0	1	0.0100987159818004	0.201610205186257	8	750	0.0131663960790097	404	12888000	50
20220529 165806	0	0	0	1	hist	lossguide	256	0	1	0.188672468568876	0.999797009481586	10	2	0.0168247312421655	294	13402000	51
20220529 165844	0	0	0	1	hist	lossguide	256	0	1	0.212689405353912	0.999760622709569	8	2	0.0145040033010891	235	13406000	52
20220529 165922	0	0	0	1	hist	lossguide	256	0	1	0.101270029820174	0.999510892718825	9	80	0.014913821668356	22	13271000	53
20220529 170315	0	0	0	1	hist	lossguide	256	0	1	0.0100338575199964	0.997931556368446	4	1022	0.0120863474573806	105	12640000	54
20220529 170353	0	0	0	1	hist	lossguide	256	0	1	0.295671569994654	0.99970639579146	10	2	0.0145380817343133	183	13257000	55
20220529 170705	0	0	0	1	hist	lossguide	256	0	1	0.0108866213055437	0.996811728798564	6	728	0.0118639588283598	110	13001000	56
20220529 170740	0	0	0	1	hist	lossguide	256	0	1	0.239811059655127	0.999878461673878	9	2	0.0156865192828273	207	13431000	57
20220529 170813	0	0	0	1	hist	lossguide	256	0	1	0.298344552290301	0.99982509138727	10	2	0.02497192287632	188	12253000	58
20220529 170909	0	0	0	1	hist	lossguide	256	0	1	0.0589716141308631	0.935478189256339	8	2	0.0120489801286261	348	12568000	59
20220529 170937	0	0	0	1	hist	lossguide	256	0	1	0.217342809419141	0.999500394733788	7	156	0.0159838887520179	6	11682000	60
20220529 171016	0	0	0	1	hist	lossguide	256	0	1	0.193442897564131	0.715329640640875	9	2	0.0149960405584412	248	13410000	61
20220529 171345	0	0	0	1	hist	lossguide	256	0	1	0.0100082757175109	0.46761217209935	6	921	0.0101760290483008	192	13167000	62
20220529 171418	0	0	0	1	hist	lossguide	256	0	1	0.134384556547693	0.553846203255919	8	4	0.0149877844753043	81	13356000	63
20220529 171448	0	0	0	1	hist	lossguide	256	0	1	0.147675602697002	0.997495527880091	9	3	0.0176897887884325	117	12963000	64
20220529 171523	0	0	0	1	hist	lossguide	256	0	1	0.215149558236708	0.999827983718298	10	2	0.0141170365802828	205	13440000	65
20220529 171553	0	0	0	1	hist	lossguide	256	0	1	0.204530623842998	0.532023707265139	8	3	0.0138695413826345	125	13141000	66
20220529 171809	0	0	0	1	hist	lossguide	256	0	1	0.0138323438177023	0.827238937754966	6	1002	0.00838019152941342	38	12436000	67
20220529 172130	0	0	0	1	hist	lossguide	256	0	1	0.0100205033422347	0.998418086015033	10	765	0.0150154264584681	216	13518000	68
20220529 172458	0	0	0	1	hist	lossguide	256	0	1	0.0100660119817658	0.999973057426495	9	108	0.0148039889646297	226	13052000	69
20220529 172838	0	0	0	1	hist	lossguide	256	0	1	0.010032830431988	0.858902248979682	10	801	0.0115818434106803	278	13495000	70
20220529 172920	0	0	0	1	hist	lossguide	256	0	1	0.0862908323263758	0.535608665554751	8	67	0.0160737914790666	33	12802000	71
20220529 172954	0	0	0	1	hist	lossguide	256	0	1	0.116310585844818	0.998744023973383	6	3	0.0135342347402171	135	13072000	72
20220529 173306	0	0	0	1	hist	lossguide	256	0	1	0.0100206612279466	0.495770618416889	5	789	0.0105443473031217	74	13360000	73
20220529 173656	0	0	0	1	hist	lossguide	256	0	1	0.0100035139491104	0.888771646597441	10	1018	0.0202155763032649	334	12732000	74
20220529 173723	0	0	0	1	hist	lossguide	256	0	1	0.269010964824214	0.995381857020029	9	2	0.0110554422281809	80	12571000	75
20220529 174115	0	0	0	1	hist	lossguide	256	0	1	0.0103461548125377	0.896657885995676	6	134	0.0187478488692928	221	12380000	76
20220529 174202	0	0	0	1	hist	lossguide	256	0	1	0.0663703293708922	0.898110350299034	10	186	0.0169209352680461	39	13298000	77
20220529 174506	0	0	0	1	hist	lossguide	256	0	1	0.0100974874010619	0.271168087252988	6	551	0.0102894461237694	94	12611000	78
20220529 174841	0	0	0	1	hist	lossguide	256	0	1	0.0106073891585053	0.400460119660681	8	243	0.0123510636416799	250	13296000	79
20220529 175302	0	0	0	1	hist	lossguide	256	0	1	0.0100479680420159	0.909706821491797	10	296	0.0118644839180793	436	13671000	80
20220529 175635	0	0	0	1	hist	lossguide	256	0	1	0.0103279925379281	0.989362588605177	4	667	0.00838691768341136	47	12688000	81
20220529 175728	0	0	0	1	hist	lossguide	256	0	1	0.0748524623756271	0.999809854324938	4	866	0.0131630505928522	22	12596000	82
20220529 180111	0	0	0	1	hist	lossguide	256	0	1	0.0100008231008593	0.844934963410085	10	166	0.0122137021694397	314	13761000	83
20220529 180149	0	0	0	1	hist	lossguide	256	0	1	0.132689840400477	0.994008289740953	10	973	0.0142794666253844	18	12665000	84
20220530 014207	0	0	0	1	hist	lossguide	256	0	1	0.112005344930678	0.978477180285095	10	1003	0.0152849277479344	35	13100000	85
20220530 014235	0	0	0	1	hist	lossguide	256	0	1	0.299876659882036	0.562215756716549	10	3	0.0151675372898636	70	12567000	86
20220530 014315	0	0	0	1	hist	lossguide	256	0	1	0.0649751289819586	0.53765700020896	6	5	0.0122889705076741	125	13575000	87
20220530 014346	0	0	0	1	hist	lossguide	256	0	1	0.195778444512033	0.998630378913066	9	3	0.014341312246976	116	13187000	88
20220530 014443	0	0	0	1	hist	lossguide	256	0	1	0.0685468270832532	0.802884073004736	5	3	0.0122891591627903	301	12996000	89
20220530 014506	0	0	0	1	hist	lossguide	256	0	1	0.242292785217622	0.839911366108501	10	3	0.0164874945566687	66	12700000	90
20220530 014837	0	0	0	1	hist	lossguide	256	0	1	0.0106349235802103	0.578146851350141	10	813	0.013972049905079	245	13687000	91
20220530 014932	0	0	0	1	hist	lossguide	256	0	1	0.170360152204485	0.529361048945606	10	2	0.0154510736060816	333	13470000	92
20220530 015001	0	0	0	1	hist	lossguide	256	0	1	0.122863958909529	0.899531313268303	10	20	0.0156262045799662	17	13276000	93
20220530 015329	0	0	0	1	hist	lossguide	256	0	1	0.0100425301734205	0.464094456886199	10	814	0.0153982619933408	290	13348000	94
20220530 015403	0	0	0	1	hist	lossguide	256	0	1	0.181880031138373	0.561068055211764	10	1019	0.0154943950396806	13	12182000	95
20220530 015434	0	0	0	1	hist	lossguide	256	0	1	0.187751245762594	0.583127117138421	10	2	0.0218333995859478	153	12578000	96
20220530 015758	0	0	0	1	hist	lossguide	256	0	1	0.0100042814342863	0.737972053551293	10	906	0.0142780620120785	244	13781000	97
20220530 015839	0	0	0	1	hist	lossguide	256	0	1	0.0713299740540967	0.985870409988069	10	2	0.027706649071566	205	11823000	98
20220530 020224	0	0	0	1	hist	lossguide	256	0	1	0.0100031656356013	0.768762632214597	10	694	0.0142931086976572	310	13612000	99
20220530 020422	0	0	0	1	hist	lossguide	256	0	1	0.0197031963045098	0.801413480068363	10	249	0.0141261441563271	145	13527000	100
20220530 020518	0	0	0	1	hist	lossguide	256	0	1	0.0642402181658828	0.999872980890577	10	1016	0.0154084730650482	44	13504000	101
20220530 020827	0	0	0	1	hist	lossguide	256	0	1	0.0101705288580612	0.980653524232864	10	3	0.010532670275726	865	12511000	102
20220530 021134	0	0	0	1	hist	lossguide	256	0	1	0.0100945080236456	0.56025133833927	9	314	0.0125246848469407	159	13694000	103
20220530 021208	0	0	0	1	hist	lossguide	256	0	1	0.148268491321061	0.205038276920649	9	4	0.0144235326968894	95	13113000	104
20220530 021538	0	0	0	1	hist	lossguide	256	0	1	0.0100431477256389	0.560556157599145	6	743	0.01329949048809	174	13188000	105
20220530 021612	0	0	0	1	hist	lossguide	256	0	1	0.299986010272016	0.972910126728846	8	3	0.014500589942306	113	13097000	106
20220530 021710	0	0	0	1	hist	lossguide	256	0	1	0.0639130274393136	0.500197671029135	5	171	0.00868119680371338	49	12250000	107
20220530 021843	0	0	0	1	hist	lossguide	256	0	1	0.0246079959924433	0.516711695822878	9	196	0.0132406505357804	87	13295000	108
20220530 021942	0	0	0	1	hist	lossguide	256	0	1	0.0551699472080839	0.983741441558886	10	13	0.0204378386678157	130	12955000	109
20220530 022049	0	0	0	1	hist	lossguide	256	0	1	0.0746587602298742	0.999979722717351	6	2	0.021409672961922	397	12527000	110
20220530 022122	0	0	0	1	hist	lossguide	256	0	1	0.152790033502555	0.494242589450988	9	46	0.0143076710768847	15	12279000	111
20220530 022149	0	0	0	1	hist	lossguide	256	0	1	0.190137737668297	0.206529195114581	10	4	0.0152812886217318	77	13231000	112
20220530 022234	0	0	0	1	hist	lossguide	256	0	1	0.0662364069358598	0.200013738134495	10	31	0.0153449857326529	39	12507000	113
20220530 022331	0	0	0	1	hist	lossguide	256	0	1	0.183564210334363	0.624444882516318	10	2	0.0155636356955791	364	13734000	114
20220530 022702	0	0	0	1	hist	lossguide	256	0	1	0.0100021176686094	0.818419478831246	10	1015	0.0137231517413742	245	13728000	115
20220530 022746	0	0	0	1	hist	lossguide	256	0	1	0.122039954001542	0.201000668821769	7	100	0.0115399732604186	26	12654000	116
20220530 023045	0	0	0	1	hist	lossguide	256	0	1	0.0103041805778473	0.912449901534929	10	564	0.0125797721454707	140	13566000	117
20220530 023133	0	0	0	1	hist	lossguide	256	0	1	0.0618900111904626	0.596480719555489	10	998	0.0141009165477877	38	13310000	118
20220530 023521	0	0	0	1	hist	lossguide	256	0	1	0.0100501550709916	0.903837123732379	10	910	0.0140561372172857	324	13508000	119
20220530 023610	0	0	0	1	hist	lossguide	256	0	1	0.171483753618005	0.201559389747608	8	2	0.0164651156660738	321	13543000	120
20220530 023647	0	0	0	1	hist	lossguide	256	0	1	0.102154852335705	0.999637621487006	10	421	0.0181558450162508	21	12574000	121
